# <localizations insequence="true" repetitions="variable"><field identifier="Position-0-0" syntax="floating point with . for decimals and optional scientific e-notation" semantic="position in sample space in X" unit="nanometer" min="0 m" max="3.2742e-005 m" /><field identifier="Position-1-0" syntax="floating point with . for decimals and optional scientific e-notation" semantic="position in sample space in Y" unit="nanometer" min="0 m" max="3.2742e-005 m" /><field identifier="ImageNumber-0-0" syntax="integer" semantic="frame number" unit="frame" min="0 fr" /><field identifier="Amplitude-0-0" syntax="floating point with . for decimals and optional scientific e-notation" semantic="emission strength" unit="A/D count" /><field identifier="FitResidues-0-0" syntax="floating point with . for decimals and optional scientific e-notation" semantic="fit residue chi square value" unit="dimensionless" /><field identifier="LocalBackground-0-0" syntax="floating point with . for decimals and optional scientific e-notation" semantic="local background" unit="A/D count" /></localizations>
16795.6 17009.6 0 9633.29 844200 710.589
15636.4 15720.4 0 10278.6 876927 664.769
6066.62 19080.9 0 15222.5 832752 486.567
19442.4 21606.8 0 8652.26 880842 661.003
18201.2 21663.1 0 8868.38 760600 652.212
11488.8 26575.1 0 9032.97 656897 582.804
16807.7 16997.7 1 11394.4 1.02595e+006 698.359
15655.4 15720.2 1 8587.87 734418 700.461
6079.7 19085.9 1 12890.1 353328 477.062
16805.6 17003.8 2 14910.8 947657 721.356
15647.4 15705.2 2 10105.6 856241 718.777
15687.2 24233.5 2 10755.6 597029 647.812
18197.6 21655.4 2 9594.79 704285 668.758
14279.1 19607.3 2 8561.37 506220 666.581
8109.06 20098.3 2 8449.41 401920 597.24
6071.05 19096.3 2 10965.9 335852 492.659
15630.5 15719 3 9034.97 655967 682.348
14272.6 19610.3 3 10249.4 417240 649.524
8133.02 20099.1 3 8562.57 726038 609.723
6075.81 19082.6 3 12649.1 395516 473.305
15643.7 15703.6 4 8350 594932 684.218
8111.75 20098.1 4 8066.02 470474 590.87
14246.3 19606.2 4 8005.88 499634 638.165
6072.74 19081.9 4 12530.5 376533 474.11
15650.8 15722.6 5 8695.75 761355 704.263
6081.48 19083.8 5 11317.6 355094 480.93
21397.2 16816.4 6 8330.67 1.5799e+006 890.743
14281.7 19621.6 6 13225.3 544548 676.877
8099.87 20085.1 6 13202.4 769673 599.859
15635.8 15727.6 6 8237.76 725976 695.943
6075.67 19090 6 14122.7 356896 455.41
14266.1 19608.1 7 19582.4 731695 668.958
15617.5 15710.9 7 10193.3 806952 705.598
18191.9 21644.2 7 11861.4 668379 633.112
8113.31 20079.6 7 9845.55 439133 591.116
6076.2 19093.1 7 10167.4 389504 474.565
15643.9 15730.9 8 9531.86 837955 719.87
6064.63 19096.1 8 14429.2 445550 490.397
17104.2 18196.6 9 12479.7 1.33945e+006 793.584
15639.1 15724.3 9 8253.47 494241 657.643
6077.15 19085.1 9 13431.9 382597 480.232
8104.91 20095 9 9156.49 394121 582.576
14259.6 19616 9 8830.47 425035 622.959
16825.2 17029.3 10 8411.93 1.069e+006 710.446
6078.09 19085.1 10 14600.3 415797 472.389
8116.51 20084.5 10 9024.93 535918 576.215
6062.98 19083.5 11 17113.6 595298 453.408
8126.68 20099.3 11 8710.4 382655 576.963
8114.28 20085.7 12 10638.8 429216 608.342
6084.05 19095 12 14211 384212 460.561
18199.7 21638.1 13 9041.73 559908 621.399
6074.32 19078.7 13 9332.46 247019 455.856
16818.8 17008.4 14 11302.1 727578 669.534
6074.28 19101.7 14 12732.8 332819 459.777
14282.9 19634.7 14 8090.48 570840 625.315
10881.8 28069.8 14 10492.2 568706 527.447
11388.3 7556.53 14 8677.7 435978 496.386
6069.17 19088.8 15 17569.5 458630 465.422
18182.2 21656.2 15 8990.56 411721 638.191
14261.4 19619.8 15 9265.29 528382 652.039
8124.71 20070.1 15 8750.15 512339 598.572
21434.3 16753 16 10500.3 1.71705e+006 893.111
8109.64 20095.3 16 11724.5 776895 608.643
6082.51 19080.6 16 17049.8 571337 464.867
18190.7 21648.3 16 8271.13 404319 622.662
16807.7 17009.1 17 9303.37 1.15777e+006 686.236
14294 19609.4 17 9727.4 433757 628.215
6073.43 19091.2 17 14426.9 374743 460.174
11441.5 26640.4 17 8321.25 867530 559.515
6080.36 19084.9 18 17680.4 427802 475.423
16813.7 17019.4 18 10903.7 909872 692.608
15570.9 10739.8 18 12697.9 455618 608.768
11606.3 26485.2 18 8578.07 380421 524.011
15544.3 10759 19 9974.53 663713 591.649
6066.56 19071.1 19 12734.2 383731 461.338
21651 10060.6 19 8411.57 394134 506.559
16812.2 17003.1 20 9600.97 860911 657.721
14282.9 19621.6 20 8028.58 928596 682.763
6080.12 19090.8 20 14083.8 480083 469.145
17127 18429.6 21 13201.9 1.59449e+006 754.25
6073.99 19082.9 21 14885.7 337065 484.118
6076.67 19094.4 22 15631.2 485395 466.475
6070.43 19084.1 23 15236.7 539238 482.496
6068.92 19078.1 25 9378.33 295947 498.245
17121.2 18411.4 26 9941.99 1.2073e+006 756.413
15703.3 24235.6 26 10435.9 942288 671.11
17179.8 18502.3 27 8072.14 1.1542e+006 733.644
15696.5 24245.4 27 8200.65 440014 626.495
11395.8 7570.56 27 9659.84 289867 487.105
17770.6 15343.4 29 8588.05 1.39205e+006 719.236
15717 24257.8 29 8933.54 702756 677.695
6075.27 19085.5 31 8838.14 277840 458.588
17112.9 18362.7 32 8311.15 875324 723.977
27460.4 16984.3 32 8102.94 347554 440.795
15530.6 10735.8 33 9656.36 438678 563.244
17094 18197.7 34 11940.9 1.06261e+006 736.355
6075.59 19084.7 34 11590.4 360641 462.919
27466.8 16984.2 34 9841.87 340708 440.501
15534 10739 35 18651.4 1.28748e+006 590.196
6068.08 19085.6 35 16216 371847 466.713
6073.47 19090 36 14119.1 419539 458.641
6081.79 19096.2 37 15189.2 543543 467.366
6068.76 19091.7 38 18795 637527 463.329
15455.9 22022.2 39 8582.87 486679 717.537
6079.5 19090.5 39 15605.7 537203 467.718
1553.66 27009.9 39 8115.61 427876 473.714
6075.81 19076.1 40 15989.7 510310 473.539
6075.25 19086.8 41 18749.6 699413 452.72
16826.6 17027.1 41 9005.09 785140 682.06
17089.6 18313.2 42 13050.7 1.28707e+006 709.199
16823.2 17012.1 42 10732.7 809994 640.701
6080.18 19081 42 15663.4 435905 438.884
17091.6 18212.1 43 11735.9 1.6425e+006 758.343
6078.44 19098.4 43 12530.5 346003 457.449
16479.7 21596.6 44 11761.3 856528 655.559
11634.7 20371.4 44 11635.7 787474 634.532
6073.02 19081.3 45 14282.1 406413 458.222
16463 21620.3 46 8534.07 928741 677.492
13568.3 19541.3 46 8211.25 416897 577.377
6068.34 19082.7 46 10200.4 427409 469.789
21424.3 16812.1 47 8029.48 1.38144e+006 826.293
6069.81 19082.3 47 16279.5 463783 463.534
21643.8 10061.6 47 10246.9 315868 510.37
11402.6 7560.9 47 8269.35 385595 476.131
6070.47 19087.8 48 10340.2 344898 465.256
15721.4 24219.4 49 13348 611863 597.132
6063.52 19082.4 49 15778.7 437482 470.415
21660.5 10069.6 49 10551 411550 524.663
16813.1 17000.1 49 8311.82 556843 604.831
16815.8 17003.4 50 9634.4 850565 629.361
6071.95 19087.8 50 11613.2 477543 480.073
21645.1 10073.3 50 8226.46 334852 524.397
6080.33 19105.2 51 13903.1 297863 466.346
6065.41 19079.5 52 17490.4 420277 453.406
16799.1 17008 52 10596.2 878686 666.517
4772.14 21637.3 52 8537.45 225791 466.266
16801.2 16997 53 9505.75 687992 641.439
6081.56 19094 53 12202.8 231932 451.759
16821.5 16995.8 54 8969.48 639062 662.477
16456.7 21604.9 54 8365.01 553977 650.389
11629.7 20361.9 54 8221.48 623486 627.916
6074.01 19094.5 54 12378 392994 466.92
4787.5 21651.8 54 9432.65 370778 482.819
6075.81 19090.3 55 18737.2 718344 449.5
16471.5 21607.1 55 9714.75 784439 644.779
16823.4 17013.4 55 8577.4 700477 637.739
21648.4 10061.8 55 8617.34 430824 536.228
16804.9 17006.3 56 12282 586254 639.728
18061.9 19379.9 56 8076.16 1.1493e+006 697.305
11396.5 7559.62 56 12176.2 399729 488.861
6083.1 19086.8 56 13064.2 401218 460.952
6071.23 19083.5 57 18382 539742 468.724
4608.35 23738.8 57 8499.51 433957 490.297
6064.98 19076.2 58 15841 462350 462.329
16479.9 21608.6 58 8044.89 1.08711e+006 693.297
11401.7 7576.3 58 9190.54 420802 464.319
6078.26 19081.9 59 18277.8 552196 457.223
16813.7 16992.3 59 13125 467335 593.108
6083.85 19085.4 60 17650.8 481600 452.278
16805.8 17025.8 60 8038.43 281914 568.129
16477.4 21609.5 63 10738.1 1.47684e+006 711.898
16813.5 17001.7 63 12375.8 733151 612.628
28796.3 15221.4 63 8170.62 388263 456.98
16471.3 21620.6 64 8545.31 908187 705.06
11403.8 7586.17 64 8244.97 300304 482.124
16458.9 21610.3 65 8151.33 1.06634e+006 705.012
6075.47 19084.9 65 15075.6 534237 449.096
11384.5 7572.25 65 8941.17 362011 453.611
16486.2 21600.1 66 10617.7 614700 647.271
6077.6 19079.6 66 11324.3 369403 442.923
16488 21610.4 67 11553.6 920095 636.953
6070.83 19085.5 67 12098.7 306533 467.003
6078.04 19085 68 15684.4 426138 468.491
9570.09 7687.39 68 8179.92 383983 486.117
6073.92 19081.6 69 18530.4 405177 469.625
21447 16768.5 70 9195.26 1.01879e+006 761.654
6065.64 19074.7 70 14736.8 420121 482.75
11640.4 20364.4 71 9305.32 2.07346e+006 714.404
6080.02 19081.5 71 17257.5 552931 463.135
17138.8 18196.7 71 8723.24 1.31985e+006 702.181
16470.7 21597 71 8352.16 673418 659.377
6076.74 19090.6 72 18618.8 669048 480.282
21451.7 16756.5 72 8845.73 675575 739.861
17092.4 18183 72 9554.76 1.24491e+006 703.206
16821.1 17003.5 72 11201.6 935824 635.69
6066.66 19087.8 73 18724.7 487904 464.189
17096.2 18287.4 73 9609.97 1.15682e+006 717.898
16806.1 16999.8 73 12468 798442 632.837
11628.6 20375.1 74 15865.3 2.39514e+006 701.845
6073.77 19092 74 19409.4 448658 478.508
17060.8 18185.7 74 9963.7 1.19201e+006 723.884
16808.6 17012.2 74 11400.2 679902 645.762
15721 24234.1 74 8740.57 422742 581.886
11638.3 20364.3 75 12903.1 1.92613e+006 698.151
16798.3 17021.3 75 11139.3 783279 643.507
6076.51 19085.9 76 19185.4 479239 467.415
18039.6 19401.4 76 9661.56 786357 622.026
6071 19072.8 77 16534.1 555351 452.604
11632.5 20365.6 78 12166.3 1.32934e+006 671.847
6078.01 19085.8 78 13129 280992 451.596
11634.7 20379.8 79 11533.1 1.72791e+006 679.433
6075.65 19093.4 79 14536.4 389032 473.514
19052.7 15508.2 79 9321.58 468043 609.639
11633.3 20389.2 80 9162.23 1.77457e+006 688.008
6066.54 19095.6 80 13683 390590 486.387
11625.2 20358.5 81 11214.1 2.54045e+006 690.97
21438.8 16764.7 83 10797 1.17899e+006 802.534
14639.1 14336.3 83 8729.42 520222 583.174
6069.59 19087.4 84 10617.5 340088 458.843
6069.85 19084.6 85 16209.1 417870 463.325
19075.3 15520.7 85 8710.85 780615 676.125
16492.5 21599.6 87 9612.62 717650 646.711
6071.23 19091.7 88 18014.7 438701 477.143
16478.2 21593.6 88 8841.35 526427 581.602
9553.82 7681.21 88 10185 673433 533.22
6084.18 19089 89 19867.8 482458 478.661
16464.9 21590.3 89 10746.2 1.10241e+006 661.476
15556.5 10745.7 89 13033.1 582246 568.914
6078.57 19085.5 90 18488.9 595312 470.341
24074.7 19614.2 90 8365.66 465576 556.61
11450.9 26633.4 90 8665.63 351543 516.247
16481.8 21594 91 9821.27 394485 613.597
6072.95 19089 91 11289.7 365167 473.499
16478.5 21593.1 92 12459.5 729501 608.346
19048 15515.6 92 9797.39 616347 623.305
6076.67 19094 92 12176.3 306253 459.707
9548.04 7681.9 92 8116.09 402294 504.384
1540.27 27029.8 92 8897.56 381878 433.373
6074.64 19078.2 93 14797.1 436592 477.906
6062.24 19087.1 94 13101.9 406583 469.522
20544.7 16959.4 95 8404.62 2.28229e+006 888.191
16802.3 16991 95 10432.2 494298 618.933
6076.94 19092.2 96 8836.76 272912 455.435
20508.4 16945.5 97 9125.42 2.08355e+006 928.36
6064.78 19089 97 15544.5 443614 462.735
15536 10741.2 97 9276.44 608948 540.47
20541.9 16929.4 98 9224.16 3.0541e+006 890.832
6078.36 19083 98 16543.6 429599 464.928
15553.8 10745 98 9536.71 466659 542.914
20509.9 16947 99 10847.9 2.14821e+006 903.184
6078.18 19082.6 99 11868.4 404924 434.616
16814 16998.1 100 8252.9 686827 646.733
20689.5 21565.5 100 9667.73 430930 564.776
6072.64 19080.1 100 12655.7 345532 451.92
19067.5 15522.5 101 8623.43 655730 682.939
20543.6 16956.2 102 8729.75 1.5721e+006 842.774
16803.4 17012 102 12807 678789 628.302
16798.5 17004.7 103 11846.2 506032 611.666
6075.19 19100.9 103 8554.62 292314 459.788
16816.7 17006.1 104 9287.08 525983 615.761
16797.1 17013.4 105 10450.3 466208 626.722
17909.8 16591.2 105 8037.28 614629 631.133
16804 17009.3 106 11476.4 620478 648.496
17923 16579.5 106 8880.21 624034 662.165
6064.52 19086.4 106 10438.2 282426 449.789
6070.4 19081.9 108 9722.21 401574 458.801
19429.2 21597.8 109 8846.48 1.03009e+006 607.964
16811.3 17013.7 109 9592.13 746296 577.814
16820.7 16992.2 112 9053.31 563041 623.605
16809.8 16999 113 12096.2 600197 623.287
19050.2 15519 113 8637.93 641847 612.489
6075.27 19089.5 113 9159.46 258927 449.162
20635.4 16304.1 115 9959.09 1.06179e+006 780.291
20649.9 16310.3 117 10899.7 1.00318e+006 838.02
1534.52 27026.6 117 9792.39 491932 427.042
20689.2 16291.2 118 9380.1 1.27372e+006 844.197
19065.9 15513.4 119 10988.9 868392 653.049
9562.99 7677.29 119 11225.4 522282 470.989
1532.41 27022.1 119 9777.38 422690 411.394
19042.1 15510.7 120 8804.83 758069 638.752
20702.5 21562.7 120 9177.6 573918 569.568
21657.6 10090 120 8320.62 584683 536.871
9571.02 7687.69 120 8253.05 480449 483.709
19053.1 15488.8 121 8933.53 653864 630.6
16798.2 17020.5 121 8606.72 633132 588.694
6075.13 19085.9 121 11515.7 259549 458.536
9564.03 7683.17 121 8094.51 317546 450.79
19048.4 15508.7 122 11164.4 1.04526e+006 679.582
10901.9 28062.6 122 10973.1 640000 511.889
19058 15498.8 123 8888.93 776993 626.487
9566.62 7681.69 124 10066.3 458890 495.092
19049.4 15504.9 125 8661.76 715281 644.156
14991.1 20277.9 125 9067.16 377718 583.756
13746.7 15452.9 125 8177.27 366105 514.022
9568.2 7683.99 125 8104.16 343574 493.083
16437.8 3768.09 125 9479.33 401412 411.7
19056.1 15507.1 126 9311.92 1.08131e+006 672.428
21643 10062.1 126 8060.24 364206 507.75
6076.34 19078.7 126 8326.39 280654 459.786
9574.74 7677.75 127 13155.1 548037 491.509
10893.9 28061.3 127 11472.9 1.19937e+006 530.227
10890.5 28054.2 128 9946.53 776139 528.786
15539.8 10737.9 131 15208.6 898162 571.514
6092.46 19079.4 131 8111.89 236810 436.842
15544.3 10733.6 132 19380.3 1.24934e+006 559.825
20678.6 23755.9 132 13029.4 486952 560.831
20680.4 23762.7 133 12345.3 455252 630.054
6075.91 19072.4 133 10593.5 274665 448.187
20678.7 23771.5 134 13128.4 511043 596.078
9578.83 7679.15 134 8074.65 386198 511.759
16807.7 16988.4 136 10382.3 703667 589.664
9562.55 7687.15 136 9572.64 542754 502.635
16794.3 17014.7 138 9015.92 347137 596.965
13724 15476.9 138 8276.25 587026 542.513
6079.03 19074.8 138 8351.4 392694 468.356
16798.4 17009.5 139 11369.5 597269 579.521
16797.6 17003.2 140 10733.1 640250 595.168
6076.79 19096.1 140 8770.16 361568 468.44
16807.2 16991.6 141 9604.31 743781 589.975
16812.5 17011.1 142 9605.58 335113 598.65
20691.6 21572.5 143 8704.34 443434 538.47
19424.6 21618.5 143 8551.83 526301 519.567
16804.5 17001.4 144 9799.38 548255 599.108
20672.1 21562.1 144 8041.8 438209 545.31
12445.3 17221.9 144 8052.38 374895 485.133
20624.7 16303.4 148 8271.35 1.61397e+006 890.4
20593 16346.8 149 8344.27 885333 830.819
6063.45 19071.4 149 8118.71 264231 446.242
6072.27 19071.8 150 8702.13 309188 448.804
11523.9 26548.9 151 8351.23 430691 505.157
14125 22016.5 154 9032.57 1.24261e+006 698.892
21678.7 23613.6 155 8301.68 721372 578.45
14109.6 22022.7 158 8436.72 1.11168e+006 713.468
20606.4 16305.5 163 8817.47 1.62189e+006 911.409
20311.7 24439.2 166 9917.02 454911 554.797
21102.9 19143.4 166 10237.5 512836 541.083
20315.6 24438.2 167 17902.9 393579 585.036
20321.6 24439.1 168 24142.4 917505 578.923
20611.1 16336.3 168 9736.58 1.62874e+006 918.03
19419.4 21616.1 168 9005.7 1.0398e+006 590.857
20326.1 24431.5 169 26092 715144 565.865
20325.5 24441 170 23326.8 631687 576.255
15539.3 10735.8 170 14000.4 795624 520.39
12202.5 30456.4 170 9730.32 321222 445.273
20330.4 24443.6 171 21142.7 499986 544.698
20333.9 24430.4 172 21438.5 521369 533.768
6072.38 19075.3 172 8163.32 318339 448.574
20329.5 24442 173 14256.8 664285 532.331
17123.5 18241.2 173 8559.26 643794 619.653
20316.1 24440.2 174 21716.7 601349 555.264
6066.73 19081 174 8259.21 284412 441.601
20625 16313.5 175 9637.23 1.19863e+006 894.81
17132 18226.3 175 8515.85 975388 603.044
6078.72 19080.2 175 9561.97 272114 449.897
21667.6 10055.9 176 8079.69 429572 514.328
20610.9 16325.7 177 10286.1 1.91339e+006 976.258
19062.5 15513.8 177 8231.65 858512 609.128
6063.99 19089.4 177 8481.5 286310 426.395
19070.6 15505.8 178 8790.96 659586 604.155
15533.8 10730.5 179 16720.7 930301 541.579
20559.8 16977.2 179 8955.55 1.90135e+006 810.223
6071.36 19079.1 179 10516.6 337648 445.48
15537.5 10741.9 180 15975.6 731429 499.547
15540.3 10733.4 181 21062.8 1.21585e+006 535.695
14606.5 14335.3 181 8883.53 958524 593.589
17127.7 18258.4 181 8796.13 355214 598.646
15551.2 10739.5 182 15841.6 805026 529.53
20506.7 16352 183 9164.14 919926 814.175
15529.1 10739.8 183 13873.1 705213 542.836
20696.2 21584.7 183 10256.7 246163 487.872
12209 30469.2 183 8169.32 399120 421.529
15536.9 10745 184 17780.2 1.31322e+006 550.374
17130 18256.2 184 11326.2 663320 590.718
15541.4 10741.8 185 17545.2 891413 537.968
15542.7 10734.5 186 19787.5 1.24942e+006 552.928
15534.2 10742.6 187 19747.5 844366 529.211
1532.05 27029.5 187 8871.98 336354 409.211
6072.29 19088.3 187 8327.22 301042 441.65
17139.1 18255.2 188 10120.1 614133 590.365
20716.5 21603.7 193 8440.95 585080 580.059
6068.68 19069.8 193 8920.38 271247 428.18
6081.73 19087.3 194 8950.86 227487 429.56
1531.44 27006.4 194 8202.61 383370 411.491
15525.5 10754.3 195 9481.29 457605 495.116
6069.67 19091.7 195 9186.14 268207 436.418
15531.9 10741.6 196 19560.5 1.09922e+006 549.056
15528 10740.3 197 18432.6 1.18752e+006 541.474
15531 10738.5 198 19102.3 1.2347e+006 536.498
15537 10730.2 199 15962.1 935591 530.805
14135 22022.1 199 9036.98 1.17041e+006 725.024
15535.6 10737.1 200 14062.8 691614 532.242
21662.8 10069.6 200 9443.04 298469 501.162
6077.08 19103.4 201 8630.91 231069 399.418
14126.5 22014.7 203 10012.1 1.20377e+006 687.011
6065.37 19079.5 203 9835.31 296757 425.733
20601.2 16326.1 204 9811.44 1.40277e+006 861.723
6076.53 19072.5 204 11287.7 401168 428.544
12204.5 30468.1 204 9260.73 407803 450.759
20642.7 16292.5 205 10107.2 1.03296e+006 852.45
13525.3 17368.5 205 9587.56 294971 509.045
13529.8 17367.9 206 12944.7 357871 515.663
20658.4 16314.7 207 9725.07 819643 787.07
15550.4 10738.5 207 15856.9 835195 558.38
13533.8 17365.4 207 13883.5 489899 526.786
15545.6 10729.3 208 15895 573731 515.717
13526.6 17343.6 208 9876.4 329817 495.921
6079.15 19075.7 209 9885.71 351693 443.67
6093.9 19098.7 210 8109.82 266114 445.649
20688.9 21575.8 212 8756.79 315447 505.933
6082.42 19063.1 213 10655.3 441875 433.378
20625.6 16326 214 8163.04 577838 723.102
20607.4 16325.5 215 10225.9 996435 819.079
20690.3 21589.5 215 8243.03 478166 485.441
21108.6 19163.8 217 8246.21 374404 528.874
15540.1 10744.1 218 10556.3 526484 499.323
15560.3 10746.7 219 8312.63 436561 490.066
15526.3 10733.7 221 15973 905562 534.835
15501.9 10733.2 222 16157.9 1.19018e+006 521.156
21451.3 16733.3 223 12343.7 1.63989e+006 777.603
17834.1 20824.9 223 8011.77 584679 651.254
17813.8 20859.1 224 8027.5 464440 568.071
17806.7 20845.1 225 8334.71 589034 601.233
19423 21619 227 8281.42 454357 529.781
20620.3 16302.4 228 8839.87 1.49379e+006 813.76
14124.1 22022.7 228 10245.4 1.40591e+006 727.958
11423.4 26640.3 228 9791.43 332365 471.13
19074.3 15505.1 229 10981.6 1.06844e+006 657.079
12195.5 30454.4 229 8542.83 376461 449.696
21448.1 16749.9 230 8148.56 1.32287e+006 758.278
19056.4 15515.1 230 8932.95 560285 600.745
12194.5 30454.2 230 8291.55 388014 454.156
20706.8 21570.9 231 8006.07 350822 485.187
19066.1 15497.5 232 9185.04 883115 604.218
20625 16302 233 8495.77 1.2854e+006 834.075
19045.4 15508.9 233 8610.82 819314 616.817
20636.9 16308.1 235 10109.3 2.23017e+006 905.993
20611 16321 236 8358.88 1.47768e+006 912.595
21449.6 16765.8 240 8327.17 1.51371e+006 740.911
21439.6 16732.8 241 8112.87 1.38152e+006 738.088
15547.6 10751.7 241 10305 527621 490.967
15546.9 10742.6 242 17249.1 980380 518.336
21481.1 16751.5 243 9132.59 830659 698.49
15548.3 10747.6 243 8870.12 501051 496.466
21448.3 16745.3 244 8971.46 1.31151e+006 742.794
15555.3 10737.6 244 9755.74 408948 510.806
20695.4 21589.2 246 8125.54 509718 502.791
12203.6 30463.8 246 8125.79 407610 446.242
20683.4 16303.7 254 9119 1.94007e+006 899.196
20702.7 21579.3 254 8067.91 299903 504.155
19419.4 21634.5 257 8210.12 487654 504.069
20737.6 16255.6 263 10387.6 938166 783.751
11861.4 21025.4 267 14498.9 438408 518.077
20681.4 16286.1 268 8017.59 753973 755.255
19058.9 15506.5 269 10439.4 748433 587.652
20698.1 21583.1 270 8230.93 350189 490.165
19418.8 21624.7 272 8175.92 372841 500.634
20702.6 21568.7 273 8425.1 388169 495.3
20704.2 21567.5 276 9399.49 271181 510.419
14656 14317.4 281 8173.9 355423 486.558
21665.7 10062.6 282 10442.3 741266 515.6
21671.2 10039.5 283 8505.81 596732 473.839
20707.5 21581.5 284 8406.3 364573 509.064
20700.2 21558.8 285 8878.3 300874 485.933
21673.2 10048.4 285 8317.53 403247 483.999
21660.8 10068.2 286 9185.4 342345 478.687
21669.3 10062 288 9232.18 419418 462.809
21678.3 10061.1 290 10360.1 558947 497.635
21674.9 10059.7 291 8551.83 592509 503.755
21653.5 10057.9 292 8744.14 322243 481.229
21668.6 10056.7 293 10350.3 392343 475.622
15558.7 10734.2 298 14341.3 831456 535.48
21659.7 10065.1 298 11502.2 394028 503.14
20611.1 16326.2 299 8822.23 1.9549e+006 795.394
15561.2 10745.5 299 16168.7 720648 515.891
21667.6 10062.2 302 8179.89 410055 464.885
19411.9 21633.2 306 8100.73 299020 492.837
21673.5 10078.6 307 8044.35 395994 467.147
21663.6 10066.8 308 9390.04 338431 488.453
20674.2 16302.8 309 8988.82 1.24694e+006 780.563
21663.1 10065.3 309 11919.9 505523 455.254
21663.5 10063.2 311 10330.9 346684 482.907
21668.6 10074.1 312 8645.06 344836 465.933
21664.7 10067.2 313 8403.35 328806 455.145
21670.7 10066.2 314 9623.95 412261 463.956
21658 10075.2 315 9846.37 402205 472.177
21660.6 10068.9 316 8948.54 555050 482.488
15539.7 10728.9 317 15703.4 1.1417e+006 542.946
15523.6 10739.9 320 15372.7 893156 505.41
19326.3 18795 325 8516.97 285362 517.143
10884.8 28047.1 325 8720.23 398090 473.745
21662.7 10065.2 325 8670.3 265698 443.171
20648.6 16305.2 327 9204.83 1.11055e+006 785.649
20639.1 16307.4 328 9355.78 1.44348e+006 890.975
19063.6 15505.9 328 8673.29 676243 625.112
21651.3 10076.2 328 9722.37 380017 472.309
19062.5 15497.2 329 8373.78 924309 589.131
20694.1 21581.8 329 9499.75 399809 479.547
21667.6 10069.2 329 8378.21 435590 463.089
21659.6 10060.5 330 12328.2 481853 465.028
20657.4 16289.3 332 10119.3 1.59562e+006 818.545
19425.3 21615.4 333 8369 448310 493.43
21669 10079.6 333 8027 565444 473.049
12206.7 30457.2 333 8033.21 289916 429.527
20655.7 16316.9 336 8678.18 1.41235e+006 789.334
21666.1 10075.9 336 10644.3 391392 463.548
21669.5 10070.9 340 8117.75 298012 461.059
21663.7 10061.5 342 10761.9 341827 455.778
21667.5 10054.4 344 10679.5 255660 445.77
12049.9 30976.4 344 9063.67 327241 449.911
21652.1 10059.4 345 8217.91 409088 461.411
21670.9 10054.2 347 9099.34 485164 469.607
21657.2 10071.2 348 9093.15 390906 465.524
21655.6 10061.8 350 8988.23 414656 476.009
12606.6 13405.8 351 9918.87 432536 515.166
12621.2 13399 352 8443.08 433426 475.144
21658.2 10077.9 353 9585.6 417196 469.049
15950.5 5411.9 353 8180.86 253611 386.831
21108.1 19151.2 354 8764.33 383125 512.817
21670.2 10067.8 354 9088.83 504116 479.672
12605.4 13395.6 355 8707.16 474867 499.221
21671.4 10061.6 357 8396.89 316323 447.444
21659.5 10069.7 358 9952.79 376345 468.33
21653 10071.7 362 12236.8 365454 475.285
21672.5 10077 364 9862.6 470363 451.207
20662.5 16270.4 369 10246.7 1.00966e+006 765.593
20671.1 16279.7 373 8187.43 833808 729.314
20678.2 21575.6 373 8964.52 278241 443.6
15549.3 10746.6 390 11980.7 595054 502.994
17961 25203.2 391 8194.46 397920 555.057
15544.9 10723.5 392 11917 515148 502.39
17948 25213.7 392 8423.99 417037 560.499
15548.9 10732.6 393 15490.9 739605 525.523
21107 19169.6 400 8574.78 293924 490.659
19054.7 15496.3 401 8902.03 636077 533.607
21130.7 19158.6 405 8387.99 216244 466.759
20701.9 21580.1 407 9302.7 350818 483.338
15547.4 10734.6 409 12220.4 557449 492.625
15549.3 10727.3 410 17983.1 863054 507.214
15549.7 10745.9 411 12651.6 711018 481.405
15514.4 10736.2 414 8595.44 483556 454.462
19067.1 15519.7 416 10619.5 634700 569.399
15544.1 10744.4 419 11576.3 595049 497.724
21113 19157.1 420 13464.8 328428 455.234
21116.8 19160.5 422 8427.84 267422 445.383
21115.4 19153.8 423 8929.79 227222 460.205
9565.68 7679.26 424 9985.19 603244 443.713
10903.3 28049.6 425 10212 440199 465.153
10900.4 28060.4 426 12567.5 494443 477.923
20688.5 21582.5 426 8486.54 794949 507.939
15530.3 10733.4 427 14585.2 770575 499.689
10903.8 28063 427 8665.05 625611 440.238
15539.4 10751.2 428 16659.8 1.10205e+006 528.208
15539 10740.6 429 9260.55 397077 506.308
21114.8 19166.1 429 9303.15 313282 478.294
15536.1 10738 430 12453 494027 498.434
15534.9 10729.5 432 14983.9 1.08363e+006 508.112
15539.7 10738.8 437 13244.7 693955 503.951
15546.2 10729.6 438 10643.4 405327 464.757
15535.8 10732.9 447 11866.9 696482 495.737
15529 10732.1 448 11371.1 475629 474.218
15525.5 10719.7 451 8191.34 427059 469.878
15526.1 10732.8 452 9409.98 464861 473.117
15510.7 10731.5 453 15708.2 1.0262e+006 525.422
15532.3 10731.4 454 18804.1 1.11408e+006 498.086
15514.2 10727.1 455 18642.7 1.22974e+006 506.879
15539.5 10732.6 456 20578.7 1.20072e+006 541.658
15523.3 10732.1 457 17775.1 833892 530.174
15531.6 10725.9 458 13424 729782 487.968
15535.9 10735.2 459 14415.2 740870 502.804
15524.1 10726.1 460 19594.9 1.23393e+006 528.446
15545.6 10728.3 461 20006.4 1.09532e+006 508.754
11212.6 24023.3 464 13762.6 419228 479.968
15529.9 10735.5 467 17686.3 1.013e+006 483.54
15526.5 10717.3 470 17254.5 1.08295e+006 493.075
15543.4 10730.6 471 12786.2 655650 488.962
20690.9 21579.9 473 8527.14 267843 440.717
15528.7 10727.2 474 12561.7 624850 484.489
15549.1 10721.3 475 14446.8 682664 495.26
15819.8 24229.1 494 9605.21 323059 474.56
15533.3 10738.9 500 14524.5 767296 504.023
15510.4 10719.7 501 14251.3 910941 480.748
15528.8 10724.3 502 18204.5 993465 513.155
22111.9 16783.7 503 12820.4 317436 500.389
22119.6 16792.5 504 14224 462988 509.953
22109.4 16786.2 505 14695.1 375980 500.34
22123.3 16789.1 506 12336.9 360035 497.752
22127.5 16777.1 507 14196.9 659594 535.19
11883.6 21023.7 518 10802 831929 502.764
19061.4 15503.8 518 8401.61 358149 507.739
19058.5 15486.6 519 9286.24 431610 510.851
9581.18 7680.96 519 9676.54 378582 406.608
15532.6 10722.1 524 17714.3 1.10931e+006 501.398
15536.3 10728.9 531 20322.8 1.19544e+006 541.448
15532.6 10732.8 532 14363.5 604137 482.238
11880.7 21023.3 534 9433.29 662635 510.959
15523 10727.8 535 12994.3 687805 463.251
11619.1 26480.7 536 8037.18 329682 424.079
15539.3 10749.9 537 12223.1 712486 501.328
15534 10734.3 538 19363.2 964923 510.138
15529.4 10732.8 539 13339.6 550327 471.288
15542.2 10738.8 540 12493.2 584868 482.378
19069.7 15510.4 540 8991.95 554287 521.249
19061.8 15501.4 543 11844.3 673017 527.364
15531.3 10731.1 547 12015.1 468580 473.392
15517.8 10729.7 549 11958.5 591758 498.657
14077.9 16427.4 550 14159.6 753713 539.38
21114.3 19151.5 550 11815.6 397240 467.089
15522.5 10729.4 550 10992.2 498164 464.142
15520.9 10727.8 551 21774.2 1.49185e+006 543.865
14059.6 16402.9 551 8582.25 430222 492.668
15521.6 10737.6 552 19962.3 1.36383e+006 510.41
14083.1 16415.8 552 8601.37 494065 489.043
15517.8 10725.1 553 20890.6 1.54461e+006 523.897
14067 16410 553 13124.7 577437 522.814
21127.1 19145.5 554 9560.77 326577 443.539
15514.3 10722.6 555 16844.3 1.25863e+006 501.058
19066.3 15496.4 555 9084.11 392031 508.617
15516.5 10728.5 556 20850.6 1.28107e+006 499.913
15525.2 10729.4 557 20890.7 1.4148e+006 519.515
15534.3 10732.9 558 19468 1.25932e+006 511.137
15522.9 10730.9 559 19647.3 1.67794e+006 513.767
15521.1 10722.2 560 10807.6 529144 466.799
17699 22631.4 560 9283.79 368820 540.099
19085.9 15507.6 565 9332.99 464379 518.294
11884 21043.7 565 8040.21 471613 511.587
19066.7 15505.8 568 9061.86 675534 539.895
9566.99 7676.3 576 8497.04 277853 406.695
20707.6 21571.8 579 8609.7 526144 436.86
27465.4 16969.5 589 8523.72 218986 382.852
5901.38 28827.2 593 8126.48 302155 391.459
9554.71 7681.98 600 8356.6 447089 407.007
20692.8 21572.6 605 8431.11 457481 426.162
9564.13 7674.46 612 8004.37 469972 415.722
9556.24 7671.5 615 8100.06 384178 399.907
21122.1 19150.3 629 8011.33 270950 457.088
21124.6 19141.4 632 12726.5 344114 448.879
21118.9 19147.7 633 13678.3 425420 440.428
21121.1 19158.9 634 12710.5 562871 422.974
14995.2 21722.6 639 8152.48 276868 479.408
13564.1 19566.4 639 8914.59 249810 428.027
20825.7 17551.7 647 14222.6 905714 526.825
20829.4 17559.1 648 12655.5 589166 521.631
20843 17568.6 649 13880.6 849166 515.837
21109.3 19158.4 649 8222.49 365466 448.932
20824.9 17557 650 17740.6 544703 463.02
20821.9 17564.4 651 14847.5 563951 487.709
20827.9 17557.2 652 14101.4 660675 520.772
20827.9 17563.6 653 15456.9 987421 514.326
20827.2 17564.2 654 13930.1 787960 513.534
20832.9 17546.7 655 9960.88 497415 497.555
20825.5 17540 656 11128.1 623756 504.549
20820.5 17569.4 657 13328.7 569623 501.922
20837.2 17556.6 658 15904.8 665444 502.041
20812.5 17547.5 659 13727.2 763413 516.536
20821.2 17544.6 660 11400.1 571775 514.477
20832.7 17549.3 661 14487.9 536402 503.256
20828.3 17557.3 663 12204.6 651142 500.806
21117.1 19158.6 663 8449.54 260424 420.097
20822.9 17548.4 664 12175 564846 514.744
21112 19145.7 664 9512.3 308158 433.622
20828.4 17559.3 665 9086.8 411935 474.595
20831.3 17553.9 666 12634.5 650870 522.366
20834.8 17550.5 667 11060 690587 535.667
20828.6 17558.9 668 8138.55 507303 502.626
20833.1 17547.3 669 15121.1 864518 532.732
20824.5 17557.8 672 9601.3 440402 480.682
13840.8 14755 672 9532.43 385611 460.265
13850.8 14741.8 673 10983.4 432972 474.171
20838.6 17560.9 673 10183.6 552888 477.703
20830.1 17561.6 674 9576.23 610577 501.968
13848.3 14752.1 674 9443.71 509518 488.541
20834.5 17571.8 675 14167.3 491798 475.081
13859.4 14745.3 675 11773.7 591849 482.725
20819.9 17564.9 676 11533.1 717402 518.056
20838.8 17553.9 677 11480.2 758187 508.219
13847.7 14753.7 677 10956.7 499885 473.898
20826.4 17555.7 678 12583.4 578462 497.501
13841.4 14740.4 678 10246.2 483798 441.415
20831 17555.4 679 13799 538822 497.016
13840 14749.1 679 9556.29 340999 466.925
20826.3 17557.1 680 14683.6 807154 506.963
20831.8 17551.3 681 13237.3 849630 517.823
20836.1 17529.5 682 8146.13 1.00537e+006 533.615
20826.5 17563.3 683 11918.8 459219 478.733
20831.7 17546.4 684 13271.9 422444 487.28
20831.5 17550.9 685 12892.8 654758 509.759
9573.86 7674.92 685 8736.3 338010 410.773
20815.4 17561.7 686 9026.07 669984 493.484
20815.9 17554.7 687 12570.6 924889 525.616
21121.6 19137.4 687 9498.36 340696 438.264
9568.43 7670.04 687 8273.46 351960 393.088
20834.2 17550.2 688 12966.3 872971 505.988
21109.8 19145.3 688 12521.9 346170 443.912
20833.6 17551.1 689 12404.8 540146 493.69
21125.5 19133.5 689 9804.92 384214 445.857
20832.4 17545 690 10895.7 648555 495.783
20821.8 17556.2 691 13310.8 603018 486.246
20828.2 17552.4 692 13486.2 589477 482.028
20828.6 17543.2 693 14808 733954 502.044
20833.5 17549.9 694 13425 697717 478.033
20821.7 17559 695 13867.9 613447 481.444
20836 17542.2 697 11434.6 526832 485.93
20817.8 17550 700 11139.3 435099 497.758
26245.4 15599.8 700 8914.13 179958 392.096
20835.1 17550.5 701 14341.5 789436 495.863
5906.54 28827.5 701 8330.31 232962 368.751
20832.8 17550.2 702 13064.8 913515 531.693
20833.6 17547.6 703 12087.6 497248 489.441
20829.3 17544.1 704 8829.65 500541 490.535
20829.4 17536.6 705 9439.12 582635 493.016
20821.1 17539.3 706 9114.05 444770 500.304
20815.3 17546.8 707 13703.6 773949 505.132
11876.4 21023 707 10402.2 344315 469.751
20840.7 17554.9 708 13727.6 581797 494.758
11888.3 21020.2 708 8659.29 361660 452.036
20827.8 17544.2 709 16514.5 697656 498.183
20819.6 17553.2 710 15040.5 556503 465.888
20828.1 17547.6 711 11211.7 669851 516.82
20835.9 17539.1 712 8960.33 505841 469.67
20837.1 17542.5 713 14541.1 908052 511.633
17977.4 26900.2 714 14567.1 508535 485.176
20833.4 17541.6 714 11453.5 624104 515.585
17971.6 26906.5 715 13251.2 532724 486.453
20835.4 17542.9 715 9947.4 734932 541.401
20836.2 17536.1 716 11955.7 1.23375e+006 531.802
17989.5 26910 716 10000.6 250678 461.116
17979.8 26893.3 717 14225.8 502701 474.651
20822.9 17550.2 717 10929.6 530284 479.044
17985.4 26898 718 13223.8 529264 447.668
20826 17548.6 718 8839.84 464897 465.593
17976.5 26906 719 12328.5 371461 448.136
20818.8 17554.5 719 10317.3 334557 480.326
20830.1 17558.9 720 10555.1 457979 454.163
17978.8 26912.3 721 12445.5 418144 473.488
20824.4 17565.2 721 12533.6 348277 464.303
20823.4 17551.6 722 15606.5 646840 474.967
17976.7 26907.4 722 14356.7 695139 461.584
5890.09 28836.6 722 9600.67 241931 367.014
20820.8 17550.1 723 11383.6 611402 512.124
17974.5 26905.3 723 13275.8 413533 458.336
17983.8 26900.5 724 15412.4 588695 488.257
13305.9 21795.6 724 8691.5 334872 500.727
17978.8 26905.9 725 16509.9 676285 504.724
20830.8 17552.2 725 8231.01 638633 509.07
17972.5 26894.2 726 15855.8 782158 469.711
20834.7 17559.7 727 14331.1 609507 499.286
20834.4 17553.5 728 14403.1 823753 498.295
20828.1 17541.5 729 12618.6 908389 530.1
20818.4 17553.9 730 11227.5 361700 500.595
20829.8 17547 731 13146.1 765722 505.929
20824.3 17564.2 732 11318.4 515484 494.829
9570.71 7676.19 732 9327.05 452929 400.904
20816.6 17533.7 733 8063.89 466328 502.072
20839.8 17552.9 735 13838.4 791859 487.422
20832.3 17556.8 736 13943.7 415316 480.901
20843 17561.7 737 8615.99 333960 480.695
20341.8 24429.3 740 9514.44 309400 445.435
20699.3 21573.8 741 8053.92 322598 453.868
19327 18771.9 743 9134.42 287009 433.617
21104.4 19136 746 9111.81 403744 427.559
20680.1 16283.7 749 8532.09 593455 596.684
20342.2 24416.8 749 8158.24 317438 448.532
20346.3 24426.5 751 9093.12 283947 441.992
19073.3 15504.7 751 8077.75 416100 473.467
20332.3 24436.3 752 8026.4 244550 442.537
13029.9 24007.7 756 11207.7 251503 450.774
20335.1 24433.7 757 10585.4 324521 446.192
13037.2 24015.1 757 9393.57 285900 448.426
20332.2 24441.3 758 9699.76 295141 454.864
20676.1 16303.8 760 9091.92 757871 652.706
20338.5 24429.7 760 14458.6 347199 468.764
20337.6 24433.4 761 19249.1 433946 471.968
20332.7 24424.7 762 19189.6 446332 455.204
20702 21571.3 762 8296.31 461401 449.635
20351.3 24444 763 10290.5 220365 454.175
20348.2 24443 764 10833.1 439332 466.131
20343.6 24435.9 765 8243 215771 455.67
21128.8 19155.2 765 8674.91 250734 424.27
19071.8 15494.5 766 9554.08 494507 481.828
19079.5 15489.5 767 10483.1 465152 494.834
15616.3 25129.2 770 9756.27 404775 462.094
20702.5 21569.4 770 9323.14 1.17276e+006 474.927
19072.6 15485.8 770 8761.17 441689 485.538
19070.5 15500.3 771 11055 514871 501.087
21126.1 19149.4 777 8875.78 265054 435.082
21122.9 19149 778 9907.14 364200 412.721
21128 19146.3 785 8387.94 302567 421.335
13834.4 14746.6 794 9051.81 341254 451.576
13845 14727.6 795 9006.49 308214 446.806
20695.9 21570.2 806 8136.81 517364 445.645
20665.5 16299 813 8248.77 584350 645.805
20701.9 16282.3 818 8380.57 868081 607.961
21208.9 24435.7 827 9996.58 380022 462.079
27516.8 13870.7 827 10599 211380 367.904
20707.8 16270.8 834 8604.76 553497 565.564
11435.3 26654.4 836 8142.35 245952 412.144
15874.9 25469.5 841 8228.08 736137 486.6
20646.2 16291.2 857 8083.19 794678 617.026
14318 29415.6 865 11105.2 656727 475.147
15553.5 19445.2 865 8380.32 355798 464.405
12668.8 24644.2 867 8418.7 251206 424.426
15540.3 19441.1 867 8190.5 323268 449.376
15547.2 19439.2 868 8852.02 245728 452.561
12666.7 24633.6 870 8465.07 322831 421.968
15556.8 19439.2 871 8474.66 302774 427.321
17760 15305.5 875 10372.2 290329 455.038
17762.3 15299.8 878 12063.3 339894 451.291
14349.7 29411.4 885 13845 890290 480.768
17761.6 15312.2 894 8691.17 341903 443.65
19061.2 15505.2 898 8655.55 232064 443.431
19091.4 15502.6 902 8370.56 419610 462.232
18985.3 15470.7 911 8808.86 728395 504.354
18995.1 15467.9 912 12484.6 1.03242e+006 498.714
18969.8 15457.4 913 9015.81 1.11692e+006 508.293
13252 25675.9 915 10758.9 272030 416.361
13245.5 25681.4 916 12302 366996 408.25
13241 25686.1 917 10857.6 298519 408.316
13252.5 25677.3 918 12134.4 287202 431.146
13249.7 25684.1 921 10705.8 250615 410.082
18988 15447 922 8673.13 915805 503.457
13260.7 25678.8 922 9798.39 242336 404.111
13258.2 25690.1 923 10995.9 211161 419.619
13238.5 25676 924 13515.6 334455 394.032
19051 15486.7 924 9353.21 459510 462.181
13250.9 25687.6 925 12825.2 292367 425.494
13252.6 25686.6 926 15334.6 371333 426.475
13243.8 25681.3 927 12977.6 290365 439.255
20698.3 21546.1 927 8826.05 1.68765e+006 498.64
13247.8 25681.9 928 14401 226493 425.577
13252.3 25682.8 929 14997.7 369383 418.884
20697.9 21566.3 929 9266.5 486349 427.85
13246.2 25682.1 930 11607.4 200358 409.222
27536 13871.7 935 10979 175437 359.242
20697.2 21572.5 940 8060.96 358481 422.719
19070.1 15493.4 946 10148.1 486949 442.597
20686.5 16276.1 953 8544.01 753921 584.31
20685.8 21577.3 958 8093.28 331146 439.713
17763.4 15312.5 964 8569.59 371386 458.509
19074.6 15501 970 9910.27 619215 460.005
19069.2 15486.2 971 8462.95 441300 464.355
20707.9 16280.8 974 8035.02 673598 580.457
19078.9 15491.3 979 8143.86 399483 455.154
19072.8 15495.9 981 8789.94 542118 485.151
27540.3 13856.4 983 10142.9 268487 360.244
22391.2 13239.5 988 9267.95 270231 442.021
20682.5 16285.1 994 8082.14 720849 592.494
19081.5 15493.3 1001 9107.17 404345 463.592
19058.4 15486.4 1002 9005.22 483052 457.76
19072.9 15494.5 1006 8424.47 375250 461.315
19079.1 15505.3 1007 9513.11 422938 482.233
17146.6 23186.3 1008 13406.2 336132 449.567
19076.9 15495.9 1023 9182.11 431709 459.851
27527.1 13869.2 1029 8609.48 184950 353.279
19095.3 15500.4 1032 8440.64 450310 449.443
27521.3 13863.9 1039 10189.6 194659 351.008
19081.8 15505.5 1049 8936.68 465208 479.919
19072 15489.2 1051 12259.8 557829 464.009
13178.8 22978.9 1062 8586.47 299646 453.28
17755.7 15297.1 1065 9569.5 362030 436.011
13136.7 20305.7 1078 8116.2 278649 444
12414.7 18366.7 1078 8244.51 266467 401.828
13142.8 20306.9 1079 17977.8 367266 474.094
13146.8 20311.1 1080 11117.5 318030 457.545
12217.8 30457.7 1092 9585.04 303815 396.979
19335 18773 1092 8013.51 300035 390.041
12220.1 30448 1110 9596.74 264170 375.77
18398.5 22307.5 1119 10770.6 473724 479.603
23729.9 19379 1125 8093.3 194046 385.142
12217.7 30450.7 1127 8181.59 211926 393.057
12420.4 18375 1131 10182.8 385289 399.185
14665.3 21966.8 1144 15538 280404 448.715
14659.6 21965.3 1145 15212.7 373827 443.816
14647.4 21968 1146 11171.6 237912 435.082
14654.6 21982.6 1147 10132.6 324640 446.029
14650.6 21967.8 1150 20185.5 455160 443.98
12217.7 30458.7 1159 8969.44 332417 370.262
26236.3 15597.3 1177 10475.5 248013 378.45
26234.4 15607.2 1178 9356.21 155799 372.573
16802.9 22112.9 1186 8395.83 416959 482.562
16833.5 22121.5 1187 10701.4 551042 500.735
16819.1 22134.5 1188 9750.84 410492 521.441
26241.2 15595.7 1196 9247.12 197678 368.211
27531.7 13870.7 1214 8483.81 236940 349.177
15929 16206.2 1245 10128.6 294025 423.449
15916.5 16215.9 1246 8004.54 175268 407.39
15909.3 16211.9 1247 10899.5 195648 416.428
15909.2 16200.9 1248 9180.9 209661 431.373
15906.1 16206 1249 13969.3 328424 414.568
17415.6 23892.8 1249 9298.81 319446 452.537
15907.9 16221.3 1250 16516.6 250211 441.677
17413.7 23886.6 1250 10499.4 334050 443.943
15916.6 16223.4 1251 16337.8 383800 424.867
17421.2 23887.5 1251 8266.89 246686 434.124
15921.6 16224.8 1252 17361 336711 435.692
17424 23886.5 1252 10202.1 324860 450.991
15924.1 16224.2 1253 13387.3 269870 426.034
17412.8 23881.2 1253 10391.9 345813 458.904
15903.6 16235.5 1254 13854.7 329425 421.09
17414.1 23892.6 1254 10525.7 421610 428.976
17419 23881.2 1255 10966.9 311669 464.76
17418.4 23887.8 1256 11062.4 312247 432.444
17414.1 23887.1 1257 10457.7 314551 451.962
12146.8 25463.7 1258 9617.16 1.15314e+006 549.096
17420.2 23884.4 1258 9965.4 251695 463.043
27550.4 13861.2 1274 8554.44 145940 358.894
11446.8 26627.6 1308 9702.68 224482 377.936
21579.4 19038.1 1317 11772.9 388355 464.952
21593.5 19042.9 1318 10498.8 351111 452.4
21588 19041.6 1319 10001.2 376537 459.203
21576.4 19062.5 1320 11493.3 347625 464.504
21589.6 19070.3 1321 10977.7 413932 451.646
21577.4 19042.4 1322 10138.4 432888 476.921
27540.2 13874.3 1322 8599.06 167419 357.691
21593 19043.3 1323 10797 351225 463.998
21588.2 19044.8 1324 17253.4 473073 496.301
21587.1 19046.4 1325 17146.7 641347 491.597
21604.6 19030 1326 13375.1 465138 464.148
21585.3 19043.1 1327 8036.26 408502 461.608
21578.1 19048.3 1328 10174.2 479157 456.46
21592.9 19049.2 1329 8608.39 247857 418.356
23723.3 22946.8 1343 10282.8 345349 377.412
26248.9 15601.3 1358 8138.51 190322 364.352
27528.3 13863.3 1395 11739.2 209267 346.082
27534.2 13857.2 1403 8453.15 192813 351.921
27528.3 13875.6 1422 8032.56 270071 347.134
14808.4 21016 1427 9446.68 419066 414.628
14813.6 21014.2 1428 18666.5 534878 429.019
14815.5 21026.2 1429 18511.2 510878 449.312
14812.9 21027.9 1430 18775.5 515137 456.556
14802.3 21018.4 1431 15650.3 584133 443.378
14808.1 21024.8 1432 16080.7 324287 440.97
14814.5 21027.6 1433 10832.3 351861 414.903
27551.5 13862.9 1441 8942.96 207406 344.057
12401 18364.1 1447 8377.64 152079 373.481
12408.3 18375.3 1477 10090.9 316352 370.149
12411.8 18370.4 1478 11708.9 391912 366.351
12401 18365 1483 8721.71 250604 369.493
12419.5 18364.2 1488 8330.61 301758 360.016
12407.1 18368.3 1490 10588.2 250712 371.423
17748.8 15311.2 1527 8451.13 252960 393.723
17422.6 23895.1 1538 8099.82 234399 416.758
17426 23883 1539 9641.57 319718 431.841
17412.1 23883.9 1540 10895.5 239072 417.099
17414 23890.7 1541 9796.05 328638 426.091
17419.7 23895.7 1542 9303.67 249030 417.886
26234.2 15591.8 1542 8160.32 238452 376.654
17421.2 23879.4 1543 8713.1 229762 427.178
17435.2 23876.8 1544 9763.9 250469 422.56
17419.5 23884.4 1545 10015.5 354658 435.009
17424.9 23876 1546 10816.9 360279 413.794
17417.6 23886.9 1547 10107.7 413930 428.451
17415.4 23885.8 1549 10424.2 306098 416.968
17433.3 23891.4 1550 9501.38 211848 416.665
17412.6 23910.2 1552 10756.4 338160 414.213
17411.7 23886.6 1553 10588.3 297898 412.3
17417.6 23873.5 1554 9742.15 261394 424.379
17424.9 23889.1 1555 10943.1 369127 433.821
17419.9 23891.3 1558 9498.73 316183 413.683
17754.2 15307.1 1570 9098.89 206940 401.906
26232.9 15590.4 1571 8795.37 236254 371.78
17762.5 15304.2 1592 9106.28 329676 407.86
27549.1 13859.2 1636 8323.08 141152 352.033
19336.7 18776.5 1650 8147.51 265344 395.12
19601.5 16402.2 1686 9109.83 454103 466.187
27537.8 13853.8 1707 12166.2 317786 348.214
27534.8 13847.2 1708 10474.5 244236 346.07
19331.6 18767.1 1722 8000.21 261849 377.072
27526.5 13863.1 1780 9032.13 173842 347.984
11859.7 21032.8 1789 8412.99 241457 402.362
27538.6 13857.5 1811 12727.2 196675 348.705
27533.2 13859.5 1833 11577.9 227280 344.866
11856.4 21018.9 1836 8033.82 264830 381.074
23044 16179.8 1838 9708.39 301775 375.731
11865.4 21027.9 1846 10526.1 349136 392.506
27528.9 13855.7 1852 10984.6 198316 375.909
11869.9 21017.6 1854 10352.1 334411 405.901
11877.1 21022.6 1861 8245.2 298335 388.382
11867.8 21028.8 1866 11248.2 292597 383.899
27540.7 13864.1 1872 8815.98 212080 345.493
11869.4 21019.1 1874 8225.83 377259 412.663
11863.2 21028.2 1882 9007.52 270825 405.843
11880.6 21014.8 1883 11655.8 281707 397.905
11878.8 21030.9 1888 11126.7 550572 424.633
11871.3 21018.9 1891 10510.1 214320 389.687
11864.8 21031.6 1892 9379.89 203199 383.436
16310.4 13346 1894 8014.87 357099 458.672
11857.8 21032.6 1894 8550.59 264278 385.519
11859.5 21023.4 1895 8829.22 316089 386.803
11867.5 21015 1897 9475.04 297383 377.542
11859.3 21017.7 1900 9964.45 304321 384.116
11879.1 21029.1 1905 11620.5 764134 431.015
11886.3 21012.4 1920 8563.45 329745 417.403
11865.1 21022.2 1925 8352.36 409841 414.39
17956.2 27184.5 1927 9213.39 260883 366.97
27548.6 13862.6 1938 8283.29 199794 358.053
2991.41 29194.8 1956 8159.9 145545 332.821
27552.3 13875 2009 8050.93 164967 340.31
27538.2 13851.2 2015 9356.97 167992 348.103
27540.4 13857.2 2052 8280.07 175439 348.955
27534.8 13863.7 2065 9415.6 231554 346.173
27550.7 13862.5 2079 11282.7 246269 354.75
27527.1 13859.4 2095 10262 151639 344.757
27546.6 13865.7 2126 8299.6 127980 341.66
27524 13861.8 2147 8487 185727 347.727
16731.9 18897.3 2177 11233.6 322105 413.094
16736.9 18901.6 2178 9590.74 396472 415.269
16734.9 18892.1 2179 11399.2 378644 410.778
16738.2 18889.6 2180 9520.76 336335 412.722
16742.2 18890.1 2183 8691.39 338346 399.937
16731.8 18884.9 2184 10973.1 496741 416.208
16744.5 18898.4 2185 11509.1 410335 429.241
16732.2 18892.9 2186 11205.7 433207 426.493
16736.4 18884.2 2187 13125.8 606586 426.676
11959.9 26008 2204 11929 300252 362.601
11960.1 26016.2 2205 18827.9 521283 363.362
11966.4 26004.9 2206 19938.6 585369 378.097
11952.3 26013.5 2207 17207.7 304893 374.159
11965.7 26004.9 2208 16014.4 402712 379.148
17780 26172.2 2208 8833.8 335761 384.649
11956.5 26010.2 2209 16256.7 255024 376.971
17764.1 26174.6 2209 8158.8 278304 384.395
11964.5 26009.7 2210 17125.2 393991 363.872
11952.7 26007.9 2211 13405.5 336132 359.364
11963.2 25998.8 2212 10309.6 164724 355.394
11961 26005.5 2213 16610.2 444736 367.962
20336.5 25289.4 2219 8532.72 947852 498.526
20350.3 25292 2220 8567.36 1.00157e+006 513.032
9639.48 17248.2 2246 9260.72 303379 360.817
9632.59 17263.4 2247 9464.33 232825 352.193
9639.33 17242.7 2248 11757.5 279109 344.035
21968.8 11152.9 2302 8651.65 249096 375.089
17706.2 22629.6 2307 9068.03 209793 370.807
19334.6 18774.7 2315 8042.25 222028 373.131
19329.6 18770.1 2363 9644.53 337494 365.664
19331.1 18764.3 2392 8934.92 269490 369.703
19329.8 18756 2463 9311.44 240196 361.064
19323 18778.7 2537 8016.62 172184 340.963
18221.7 20380.8 2628 13041.1 410163 369.365
18242.8 20373.8 2629 10888.4 247446 362.425
18229.9 20377.6 2631 11753.7 365881 360.275
18224.4 20371.4 2632 12794.2 350827 363.892
18236.8 20381.5 2633 16386.6 377142 369.543
18225.5 20377.7 2634 12761 432106 365.252
18225.4 20360.5 2635 16036.7 407441 354.853
18239.7 20378 2636 15649.2 607718 368.059
18239.1 20370.2 2637 12559.4 350091 353.445
5461.12 26704.4 2639 8239.54 185484 337.588
29278.4 15588.5 2652 8373.76 518888 379.355
5467.31 26702.1 2670 10328.1 326555 339.741
19195.2 12691.7 2691 21768.1 1.22541e+006 368.854
19188.5 12697.5 2692 16197.1 456774 360.311
19188.4 12701.8 2693 26992.6 1.16418e+006 370.429
19180.9 12694.4 2694 21602.2 741434 371.216
19183.8 12694.2 2695 25408.9 742845 378.793
19180.4 12697.2 2696 23211.9 599415 385.268
19183.4 12700.3 2697 25049.7 757230 379.383
19181.7 12689.1 2698 15778.5 499417 363.997
19190.1 12693.9 2699 27219.6 730524 383.169
19186 12702.1 2700 14690.2 335891 356.918
19187.6 12702.6 2701 17423.1 641745 360.178
19509.3 12647.6 2740 10383.5 529511 448.055
19524.9 12619.5 2742 8419.91 452586 435.648
23062.8 19911.1 2742 9036.67 213400 372.811
23089 19903.9 2743 12605.5 206571 362.28
19514.6 12667.9 2743 8330.24 423788 438.367
13865.5 14747.7 2746 8443.75 226737 368.363
13857.3 14743.1 2747 11243.3 329757 368.184
13865.9 14744.6 2748 12209 355325 381.091
13881.6 14734 2749 9332.83 223178 399.074
20153.2 24685.1 2862 17276 448268 400.815
20153.9 24689.1 2863 19456.9 512430 387.257
5463.02 26726 2877 8054.46 217447 337.729
5438.03 26729.5 2879 9533.07 149531 330.353
15436.2 13583.2 2972 9628.33 227008 356.734
15443.4 13581.8 2973 8080.18 185065 350.514
5457.83 26736.4 2993 8608.15 168478 334.88
5448.43 26707.6 2994 8338.96 168930 331.909
5464.69 26722.3 2997 8038.22 153322 329.494
12225 30444.7 3021 8436.25 289702 360.107
10909.4 16361.5 3029 9904.31 215621 330.664
10915.9 16364.5 3030 10027.4 280836 351.929
10917.8 16359.6 3032 11362.5 259615 359.908
10910.2 16362.7 3034 13030.1 336620 360.396
16079.5 13867.9 3034 8850.26 219645 368.497
16084.2 13844.4 3035 11253.8 324276 393.312
10917.7 16360.8 3035 10280.6 283502 363.548
16078.8 13863.4 3036 11791.3 294385 386.693
10903 16355.9 3036 8588.7 194477 350.16
16080.8 13852.6 3037 12999.4 288503 367.852
16077 13854.7 3039 10748 228460 360.127
28239.5 13286.9 3093 8264.21 205006 346.96
28231.5 13297.6 3094 9394.29 172139 348.126
28226.1 13307.5 3096 9195.16 214865 350.335
28221.7 13289.4 3097 8402.18 143457 347.305
28205.2 13305.3 3098 9717.79 212345 341.271
28213.1 13312 3099 12168.5 191996 353.333
28207.2 13297.3 3100 8466.2 153701 343.544
28225 13283.9 3101 8453.08 206491 346.3
28222 13297.3 3102 9620.24 160630 341.937
28212.3 13299 3104 8929.25 130381 340.58
20554.9 24650.3 3198 8322.12 191205 384.015
20557.1 24663.7 3199 11342.7 239912 389.116
20548.3 24665.2 3200 9589.68 252627 376.844
17860.8 20766.4 3322 9127.88 213464 375.769
19344.3 18777.9 3464 9847.14 272537 355.172
15579.3 19425.8 3686 8328.16 210477 353.363
15569.3 19439.3 3687 8303.81 272341 359.422
17257.7 3906.01 3709 9857.6 234620 360.987
17266.8 3880.45 3743 9530.26 197544 342.106
18606.6 11704.4 3776 10904.2 248662 357.695
18610.2 11695.1 3778 10099.9 240817 357.529
17242.7 3884.38 3833 8063.62 191541 345.941
12405.7 18367.1 3927 8789.79 223451 339.548
12420.6 18351.3 3928 14126.1 542873 334.908
12416.6 18357.4 3954 8778.12 237218 335.827
17262.3 3871.9 4031 8018.35 216785 344.616
21876.2 14068 4032 8784.16 211924 357.612
21882.8 14066.3 4033 8134.53 185829 362.659
21891.7 14066.2 4034 8200.39 178135 365.572
16265 13931.1 4040 8380.15 245145 390.759
16243.3 13924.5 4041 9393.16 256042 395.209
16230 13917.9 4042 9759.68 300740 403.817
16244.2 13928.9 4043 8744.77 355365 394.945
16250.6 13941.4 4044 8513.27 351337 396.464
16239.5 13924.1 4045 9714.6 394869 403.67
12049.6 30927.6 4052 12975.9 405395 359.711
17261 3892.48 4173 10266.7 158764 337.56
17251.7 3892.84 4176 8032.93 236991 355.565
17258.8 3886.05 4177 8546.15 205915 335.292
17265.7 3910.18 4178 8275.22 229297 337.966
17265.4 3882.44 4192 8879.83 308187 343.123
14812 21008.8 4268 9554.13 314052 361.156
20395 20962.9 4274 8549.95 180844 367.884
20396.5 20955.6 4275 9103.87 222363 356.296
20392.3 20965.1 4276 8954.71 172646 360.033
20389.1 20950.4 4277 8474.43 160243 367.076
20382.3 20960.3 4278 8471.78 202584 362.318
20394.9 20959.2 4280 8098.25 151134 344.435
20410.4 20959.7 4284 9470.39 207934 360.837
20376.3 20962.8 4286 8849.42 215338 354.845
20398.7 20952.2 4287 8412.34 148299 344.367
20404.9 20954.3 4288 8742.66 215095 355.809
20397.3 20965.7 4289 8593.4 164158 352.903
20330.6 25274.8 4452 8882.28 707691 456.977
20328.2 25288.7 4454 8255.17 660426 475.343
20129.8 24564.5 4726 35765.9 792546 373.735
20123.1 24556.4 4727 29777.7 619359 361.059
20122.6 24556.5 4728 21220.9 420246 357.763
20124.5 24562 4729 33403.6 459874 360.64
20122.3 24566.5 4730 31269.6 622746 362.951
20122.1 24556.3 4731 28414.1 542027 362.063
20132.9 24570.9 4732 11610.5 261428 341.078
19638.8 23006.5 4742 8000.97 753433 472.971
19650 23018.5 4743 8087.62 815087 466.85
19647.7 23022.4 4745 14954.4 2.06151e+006 594.555
19654 23021.1 4746 12511 2.37187e+006 597.188
19644.7 23029.7 4747 13759 2.25846e+006 597.743
19658.5 23016.9 4748 9732.88 1.08863e+006 509.592
19897.1 20408.1 4759 19017.9 343888 342.189
12068.3 30932.8 5132 8223.46 197500 346.821
12045.8 30939.4 5133 16707.9 853568 350.682
679.163 20151.4 5136 33166.6 6.27059e+007 137.663
17419.8 23872.9 5184 13428.2 378118 366.261
17426.3 23877.5 5185 10168.1 296084 362.991
17429.2 23878 5186 11423.2 333520 367.826
18246.9 20371.2 5226 8720.92 184969 347.742
18235 20362.9 5229 14112.5 273496 377.296
18245.1 20369.8 5230 12637.8 422106 341.863
18246.5 20368.2 5231 13652.6 303043 356.126
18226 20368.4 5232 11506 241503 352.194
18238.8 20367.3 5233 13289.9 279296 350.663
18239.9 20368.3 5236 13772.1 252527 368.139
18242.9 20365.8 5237 14242.5 344622 355.794
18245.7 20355.3 5238 13414.9 328066 355.115
18234.8 20366.6 5239 10782.6 224373 364.327
18236.3 20369.7 5240 8200.16 213679 342.044
18238.2 20365 5241 9014.63 221071 352.85
14786.6 24137.2 5301 8173.46 225243 335.046
14781.8 24137.7 5304 8768.64 253016 334.384
14797.4 24136.9 5305 11407.2 361456 334.971
14805 24150 5306 10726.6 226336 343.569
14790.9 24132.3 5307 10823.8 234532 331.761
14791.8 24151.6 5308 8380.51 201454 336.259
15432.4 16004.7 5479 8562.59 219575 360.802
22365.5 15598.8 5550 8523.11 244878 373.179
22359.5 15592.8 5551 9755.59 269526 357.907
22355 15586.7 5552 10099.8 273660 358.979
17940.1 16532.6 5698 12036 178203 347.943
17924.9 16542.2 5699 11435.2 223835 349.705
17934.4 16526.2 5700 10572.6 230175 348.592
15425.4 16002.4 5705 9529.86 228544 378.9
15426 16014.2 5706 9408.32 257191 354.566
19900.4 20418.7 5751 8748.85 170044 343.483
16645.3 23937.3 5812 14745.2 376476 359.859
16653.9 23940.8 5813 15295.8 415195 355.651
16653.8 23952 5814 14012.1 410440 360.753
12956.4 19451.8 5861 8096.59 199857 344.379
17438.7 23868 5995 11785.9 405057 356.864
17434.5 23868.6 5997 11831.5 329754 374.091
17414.5 23878.4 6002 8209.7 288492 352.803
17429.6 23871.7 6004 10881 269578 371.716
17431.9 23869.8 6005 10923 242914 371.05
17419.9 23864 6006 13239.1 337282 373.519
17420.8 23859.7 6007 12417.3 350678 366.516
17431.9 23868.7 6008 10591 283449 360.049
21670.5 23813.8 6062 13012 469449 366.594
16404.9 11983.5 6093 8189.9 240213 331.008
10491.6 22807.5 6112 16694 378454 348.483
10484.3 22820.6 6113 12744.1 210939 337.367
10489.8 22814.4 6114 15055.9 389563 349.077
10490.1 22811.6 6115 8911.01 308927 336.254
10491.7 22805.2 6116 13442.3 220599 340.542
10487.5 22814.5 6117 13818.8 208713 335.81
10495.5 22810.3 6118 13094.4 197596 337.881
10493 22810.5 6119 10576.3 217919 341.522
10482.1 22829.6 6120 9265.8 193813 337.451
10495 22803.4 6121 8632.45 248361 338.14
10492.5 22811.5 6122 12665.4 175787 345.68
10487.6 22807.7 6123 9771.9 218172 343.058
10497.7 22805.6 6124 12704.9 304913 340.534
10492.5 22804.3 6125 10241.9 234689 347.682
10482.4 22810.9 6126 8048.87 196784 333.297
10486.3 22812.3 6127 10358.8 190157 346.025
10491.8 22813.7 6128 11598.5 187515 334.931
10481.4 22813.7 6129 11834.2 201472 333.057
10485.9 22801.6 6131 14352.6 317430 344.577
10492.2 22814 6132 10288.9 254429 339.027
10489 22806.6 6133 8608.74 210952 331.269
10493.9 22820.9 6134 11008.9 208863 357.089
10485 22809.5 6135 14165 342862 334.111
10489.4 22810.1 6136 13607.5 174838 346.171
10487 22813.4 6137 11745 207847 348.992
17920.2 16516.2 6194 8565.86 198226 351.2
17929.7 16526.3 6196 9548.43 303572 344.603
17924.8 16529.8 6197 11402.1 175527 346.198
17940.1 16533.6 6198 10103.6 182258 354.582
17940.2 16526.8 6199 10658.2 257695 357.041
17937.8 16524.8 6200 11637.4 246942 352.431
17936.2 16535 6202 8290.35 190070 345.115
17937.5 16528.2 6204 8609.21 178902 351.537
15740.1 20437.2 6204 8478.06 167815 346.446
14278.5 19579.1 6225 11123 291617 350.192
14289.5 19588.6 6227 9093.42 304804 343.778
14280.3 19561.4 6228 8264.05 179617 350.063
13140.8 20981 6350 10244.5 468061 407.143
13135.6 20975.8 6351 13372.7 612395 424.188
13136.2 20980.6 6352 16966.6 808679 440.007
13144.1 20971.6 6353 13499.7 524182 435.802
13133.2 20970 6354 14091.7 630451 458.323
13126.9 20971.8 6355 18206.2 1.28139e+006 476.35
13130 20980.5 6356 22651.5 1.66053e+006 479.51
13123.5 20972.3 6357 27441 2.53362e+006 513.222
13115.3 20983.2 6358 23787.8 1.99289e+006 503.297
13132.4 20982 6359 21466.3 1.07192e+006 496.471
18844.4 22564.4 6363 8992.19 231175 348.926
18858.4 22565 6364 9964.33 207560 334.694
18861.1 22576.1 6365 8978.18 227440 335.981
18870.1 22575.4 6366 10012.1 237353 340.633
15921.4 16195.1 6512 13746.5 194850 370.743
15921.3 16203.8 6513 11666 264294 360.091
15916.9 16202.6 6516 13085 174753 373.67
15916.7 16205 6517 10712.8 193036 356.002
15929.8 16192.4 6518 10807.5 252340 362.149
15921.4 16192.9 6519 11830.3 184911 375.318
15919 16203.6 6520 8117.18 182327 344.959
20153 24683.6 6591 28339.7 925355 375.985
17699.6 22609.6 6645 21548.4 664158 351.374
17703.4 22629.3 6646 19918.7 530458 364.877
17705.7 22619.3 6647 38963.7 1.10583e+006 395.439
17705.1 22620.4 6648 31544.4 935351 373.508
17690.8 22620.7 6649 14819.7 355541 362.206
17701.8 22612 6650 13676.1 296659 351.343
17695.5 22612.3 6651 13646.4 247660 341.384
20160.2 14341.4 6780 9382.63 193550 356.338
20168 14331.7 6781 8544.59 195324 358.017
20157 14333.5 6782 10344.1 292647 358.272
20157.5 14337.2 6783 10959.8 288260 350.921
17935.9 16526.4 6950 12088.2 233493 326.589
17945.5 16514.9 6952 8293.92 150120 345.766
21321.9 14662.5 6991 10614.5 178579 372.772
11525.6 20586.3 7076 12211.9 1.8876e+006 564.459
11504.2 20565.1 7110 9150.91 1.47807e+006 522.183
11512.2 20559 7111 8014.4 947656 506.219
11512.9 20556.5 7112 8856.37 1.09479e+006 538.803
16646.8 21581.2 7128 10492.7 311248 372.929
16640.1 21581.8 7129 9942.93 305172 377.204
16636.2 21586.6 7130 10589.5 400665 372.954
19523.9 12630 7384 14171.2 549618 427.828
19516.6 12633.3 7385 18410.9 562846 446.377
19528.8 12625 7386 14651.8 679377 425.11
19537.1 12637.2 7387 8681.09 299532 392.93
20109.9 24558.8 7568 8432.11 207397 335.555
20126.4 24558.8 7569 14499.7 214579 333.554
20133.1 24550.7 7570 9669.3 172514 337.958
20111.5 24553.9 7572 10528.9 160837 332.864
20124.6 24552.6 7573 9840.62 182372 335.999
11986.8 19582.4 7784 13624.2 308442 348.489
22233.8 22069.7 7815 8146.63 370578 385.384
14295.8 17099.6 7845 9090.08 236183 341.137
14292.2 17100.9 7846 9574.85 252023 341.264
11612.9 24820.4 7915 8364.13 180794 339.325
17421.7 23864.5 8061 15961 622185 377.858
17432.8 23881 8062 10455.8 367914 362.14
17424.1 23860.8 8063 10381.5 249764 365.733
17424.6 23880.4 8064 14364.3 435489 385.384
14077.2 16385.1 8237 9219.57 262407 374.759
14085.3 16372.3 8238 10091.2 309472 377.345
20149.6 24674.7 8308 21244.2 414264 366.293
20155.8 24680.5 8309 20267.3 673247 365.849
20148.9 24683.3 8310 12545 295743 354.181
20157.8 24676.8 8311 20301.8 425003 382.132
20154.6 24672.5 8312 24230.2 574194 383.843
20163.4 24666.9 8313 10575.9 341364 340.933
14828.6 21000.8 8352 9906.43 197670 346.03
10349.4 20781 8356 8591.79 377605 379.893
19433.4 21692.1 8379 14796 2.19647e+006 589.676
19421.4 21683.5 8380 16984 2.44442e+006 609.313
19422.9 21698.3 8381 9889.99 1.33736e+006 516.472
19435.4 21695.7 8382 11314.9 1.5915e+006 530.182
19414.7 21693 8383 15245 3.0004e+006 616.547
19420.3 21687.5 8384 16350.6 2.94511e+006 614.159
19435.7 21686.5 8387 8153.62 704599 449.431
14067.5 15608.8 8511 8153.78 242823 325.813
11040.1 22592.4 8560 11531.6 396533 351.636
11039.2 22595.8 8561 11726.7 310092 344.568
11025.8 22593.5 8562 10558.8 208931 355.607
11048.8 22597.2 8563 10766 267204 351.265
11031.3 22606.4 8564 9673.03 315354 354.149
11033.7 22601.4 8565 8854.53 235582 340.864
16876.8 23364.5 8640 11157.9 390104 357.805
16868 23378.3 8641 18369.2 349692 363.947
14574.1 23580.5 8787 11297.1 946224 488.769
12144.6 19987.1 8963 9827.57 196252 340.693
21242.9 23718.6 8992 13374.8 288545 382.994
21245.1 23712 8993 10741.6 177122 366.811
20512.4 19681.8 9037 8452.69 468279 423.043
20534.9 19701.9 9038 9577.58 597676 456.557
20536.4 19717 9039 8441.55 706536 435.319
20535.9 19722.5 9041 10481.5 584322 463.423
20525.5 19723.5 9042 10628.8 908377 467.198
20515.5 19701.7 9043 10745.9 620268 477.511
20513.6 19687.8 9044 12925.8 794728 479.074
20528.7 19697.4 9045 9844.57 558443 440.062
20167.7 14329.4 9220 11547.6 260558 343.44
20162.3 14328.1 9221 10198.2 173913 343.618
20162.1 14328.4 9222 12090.3 268794 349.024
20172.8 14332 9223 12570.7 233831 350.11
14016.9 23244.2 9224 8754.86 1.29575e+006 498.854
20156.2 14317.1 9224 12261.3 290078 355.931
20163.3 14322.7 9225 12329.3 320297 339.262
20174.2 14327.5 9226 10976.9 257983 337.582
20161 14322.8 9227 12567.4 319886 336.561
20159.4 14334.4 9228 12400.1 374026 339.645
20159.7 14327.1 9229 11831.1 273692 334.443
20163.9 14317.6 9230 10580.2 228976 356.193
13130.9 20965.3 9305 13333.5 496056 403.515
15595.5 18099.8 9547 9594.41 194186 324.744
15610.1 18108.3 9548 11294.5 223053 350.643
15579 18094.8 9549 9433.11 215985 335.927
25118.2 13485.1 9834 13343.1 209614 354.462
25124 13484.8 9835 12360 207807 365.169
25117.4 13479.3 9836 17152.5 311860 364.396
25120.9 13475.9 9837 12670.2 302749 359.994
25129 13489.1 9838 13311.5 212311 353.425
25118 13482.3 9839 15987 249268 378.233
25135.8 13480.9 9840 8362.69 199616 347.204
17801.3 20803.3 9887 10478.1 322829 380.38
8131.94 20063.9 9918 9302.1 457673 404.72
8125.01 20050.9 9919 9443.17 261337 401.592
8127.73 20038.8 9920 11849.6 276625 403.672
8123.56 20029.8 9921 12218.7 459344 412.014
8120.79 20055 9922 11157 573166 400.165
17818.3 20818.4 9997 11768.5 382005 377.735
17821.8 20804.7 9998 11150.4 624622 377.812
17813.7 20810 10000 8251.11 222667 364
17813.7 20806.8 10001 12058.2 527949 371.359
17814.8 20798.2 10002 11552.3 377233 389.236
17826.7 20813.5 10003 9816.91 424494 374.52
17817.5 20808.1 10008 8171.36 349002 364.697
25103.2 13477 10065 13824.5 249512 366.077
25111.7 13487.4 10066 13809.1 318508 367.629
25118.5 13482.5 10067 13363.4 372758 370.703
7989.42 15323.3 10068 8258.52 173152 319.31
14251 14367.5 10127 10731.3 200176 335.495
14029.4 24890.3 10355 8007.7 172401 326.048
19005.1 16116.9 10492 9123.57 137004 348.327
19009.8 16125.6 10493 10802.8 232202 347.325
19007.4 16124.9 10494 10962.5 269598 343.174
19000.6 16117.1 10495 10498.1 168591 342.275
19007.8 16108.5 10497 10336.8 229730 337.225
19001.6 16111 10498 10970.4 214510 353.384
19010.8 16108 10499 10346.2 230952 339.277
19000.7 16125.5 10500 10370 346210 354.409
19018.9 16121 10501 10485.9 260617 355.873
19006.5 16119.5 10503 8880.37 169910 347.089
18993.1 16126.7 10504 8236.1 219719 356.534
19013.1 16114.2 10508 8693.04 187154 352.334
19010 16121.1 10509 10287 168549 346.802
19005.2 16121.9 10511 12145.1 244478 349.35
19013.6 16120.8 10512 9790.18 210730 354.666
19001.5 16109.9 10513 8074.64 253219 361.259
19014.5 16115.6 10514 8072.22 220517 354.618
16962.3 22935.2 10580 11700.9 282864 350.815
12917.6 23435.3 10628 8541.38 489879 413.823
23080.5 15431.4 10902 10291.8 261076 330.998
23078.7 15433.2 10903 12683 251286 345.089
23085.7 15427.9 10907 8321.58 116615 326.418
23087.5 15422.1 10908 8720.13 160439 332.835
23092.4 15421.1 10909 8874.87 204556 337.649
13597.4 19751 11261 10070.7 224106 339.021
14300.2 19578.2 11283 8389.88 219130 326.377
14305.4 19572.6 11284 8697.58 222174 342.215
14279.5 19581.1 11285 10645.9 290825 329.959
14293.9 19582.2 11287 8445.03 217634 324.485
14304.4 19570 11288 10982.9 250565 323.66
14290.4 19576.7 11291 10890.6 258167 322.809
11964.3 25985.1 11363 9725.94 194199 314.189
22247.4 22058.9 11539 9307.05 356759 388.471
22235.3 22055.3 11540 9318.09 296290 384.823
22240.9 22057.9 11543 9922.41 401211 396.133
16403.1 11957.2 11752 15362 550977 371.579
21224.4 21172.1 12026 8804.79 267241 347.028
21215.1 21161 12032 9297.97 228493 340.259
21224.1 21163.8 12034 10060.6 224956 356.262
21213.3 21160.9 12044 16835.8 936281 355.424
21223.1 21163.8 12045 8563.87 212416 341.738
21205.6 21158.4 12046 10322.8 321460 351.006
21213.8 21164.5 12048 21231.9 1.20181e+006 377.512
21221.1 21166.2 12052 31855.4 2.0049e+006 403.196
21217.5 21168.4 12059 21332.2 1.0268e+006 371.495
21219.1 21158.2 12060 11920.7 363226 348.388
21217.6 21164.7 12071 35917.8 2.78999e+006 409.733
21205.9 21163.6 12076 23972.4 1.09654e+006 387.531
22451.1 19736.4 12123 8691.43 229688 322.614
12682.7 24617.3 12286 9103.71 134521 336.177
12668.5 24622 12288 8492.24 178169 343.679
12668.7 24620.9 12289 11854 290321 341.506
12672.5 24621.9 12290 10423.4 178938 351.436
12678.6 24614.9 12291 10999.4 205940 348.751
14021.1 24897 12309 8174.94 177400 332.643
21787.2 13120.5 12333 9695.96 183760 322.716
11255.9 26231.9 12444 31044 614506 356.986
11261.3 26241.5 12445 24305.6 512607 353.365
11259.5 26250.1 12446 21924.2 468489 358.318
11257.9 26234.5 12447 18813.8 308698 322.987
11257.3 26241.3 12448 20307.5 367406 335.622
11255.3 26239.9 12449 25514.7 310909 351.963
11256.4 26237.5 12450 26540.9 500440 362.116
11255.1 26230.2 12451 17096.4 403265 333.541
14013.3 24897.8 12563 8363.56 224712 334.568
21242.5 23697.6 12616 9855.46 181909 349.612
21244.5 23718 12617 8698.03 240312 355.228
21260.4 23703.2 12619 14777.6 386720 384.62
21249.6 23704 12620 8147.35 210667 357.828
16359.5 15707.2 12664 8601.23 203333 323.905
16362.4 15722.6 12665 8796.85 196997 318.312
16366.1 15726.1 12666 12148.2 254779 324.514
16382.9 15711.6 12667 11727.2 309270 336.214
16357.7 15730.6 12668 11683 311692 324.585
16380.8 15707.8 12669 12286.5 224417 331.322
16370.1 15727.2 12670 12790.5 233480 324.625
16378.3 15715.1 12671 12495.2 365025 325.607
16363.3 15714.6 12672 10843.6 178960 335.737
16372.9 15725.1 12674 13470.1 248331 333.063
16358.9 15716.4 12675 8362.04 143018 330.061
16381 15710.7 12676 12968.7 245702 327.652
16378 15715.9 12677 11718.3 286044 336.482
16382.9 15716.2 12678 12033.5 279376 339.781
16375 15728 12679 12609.7 297129 332.263
16377.2 15721.7 12680 10031.1 225713 333.095
16372.7 15717.6 12681 12115.5 299415 336.341
16381 15719.2 12682 10859.6 136797 332.746
16365.8 15718.6 12683 10053.7 238049 343.233
8140.89 20024.4 12774 8159.02 299697 383.173
8136.74 20055.7 12775 9992.06 252097 399.068
8138.23 20042.7 12776 9537.01 325305 390.276
23412.7 13996.4 12948 8666.92 159220 350.127
16371.2 15721.3 13149 12549.8 189241 327.653
16375.5 15717.2 13150 13881.4 368931 330.658
16361.8 15724.9 13151 10852 232801 325.681
16374.4 15712.3 13152 13030.3 338920 319.849
16376.1 15718.5 13153 13174.7 344845 328.827
16376.9 15717.6 13154 12471.6 272157 330.093
16368.8 15710.6 13155 9903.21 249378 323.576
16361.2 15708.8 13156 9192.63 224379 326.567
21713.6 23587.9 13202 10635.3 460844 393.925
21707.6 23580.1 13203 9378.29 384343 384.201
19890.6 18849.3 13217 8676.62 260531 364.343
19895.2 18848.1 13218 8020.09 236698 362.792
15017.8 13948.4 13366 8481.51 151901 338.15
14998.9 13953.9 13368 9597.39 187091 323.117
15003.2 13942 13370 9595.22 246010 320.929
20356.3 25260.2 13492 8179.24 303783 402.901
20344.7 25262.7 13493 11936.9 856670 462.107
20352.6 25275.2 13494 12435.5 568963 442.691
20345.6 25269.8 13496 12375.8 590308 425.599
13143 20964.7 13513 16184.8 439362 415.889
13149.3 20966.6 13514 13692.6 403217 391.343
13146.2 20958.9 13515 17238.2 766245 416.64
13144.2 20973.1 13516 18908.5 753066 437.926
13145.6 20964.8 13517 22608.3 930802 444.952
13137.2 20962.6 13518 15738.8 704516 402.4
10593.8 20007.2 13549 8453.55 222178 345.414
10589.3 20025.9 13550 12433.1 404468 347.982
10596.7 20017.7 13552 12398.8 352236 341.671
13140.8 20958.1 14112 19388.3 747749 430.575
13137.6 20970 14113 24370.5 1.26098e+006 469.158
13146.2 20953.2 14114 22893 1.23733e+006 441.481
13126.9 20965 14115 8829.38 261008 372.18
29123.2 17723.2 14211 11657.8 197979 320.919
29127.1 17733.2 14213 11041.1 295423 322.083
17571.2 20629 14241 8007.33 446308 386.841
17559.4 20622.8 14243 8338.19 329811 397.408
11973.1 25986.1 14602 13822.9 306766 331.185
24910.9 15524.5 14618 8389.95 632827 412.56
24930.7 15523.4 14619 11706.7 1.10851e+006 453.361
24921.7 15520.9 14620 8185.29 620673 403.618
18574.2 10395.9 14646 9099.8 307813 323.093
18577.6 10402 14647 10370.4 222720 319.632
20162.6 14306.5 14712 8067.08 137313 329.793
13784.3 13142 14766 8242.78 240795 345.89
17812.3 20796.2 14814 9321.19 355062 370.289
17839.4 20788.2 14815 11416.8 328657 370.722
17832.5 20789.8 14816 12205.3 359665 374.805
16376.3 15709.5 14877 9492.05 202855 321.394
