# <localizations insequence="true" repetitions="variable"><field identifier="Position-0-0" syntax="floating point with . for decimals and optional scientific e-notation" semantic="position in sample space in X" unit="nanometer" min="0 m" max="3.2742e-005 m" /><field identifier="Position-1-0" syntax="floating point with . for decimals and optional scientific e-notation" semantic="position in sample space in Y" unit="nanometer" min="0 m" max="3.2742e-005 m" /><field identifier="ImageNumber-0-0" syntax="integer" semantic="frame number" unit="frame" min="0 fr" /><field identifier="Amplitude-0-0" syntax="floating point with . for decimals and optional scientific e-notation" semantic="emission strength" unit="A/D count" /><field identifier="FitResidues-0-0" syntax="floating point with . for decimals and optional scientific e-notation" semantic="fit residue chi square value" unit="dimensionless" /><field identifier="LocalBackground-0-0" syntax="floating point with . for decimals and optional scientific e-notation" semantic="local background" unit="A/D count" /></localizations>
25203 6034.46 0 17548.1 737040 444.102
13732.9 6634.68 0 9501.63 422879 437.428
19496.3 4076.45 1 8610.92 344702 464.307
25191.4 6020.43 1 9054.51 348314 430.56
25211.3 6028.2 2 10545.4 340738 410.884
19500.5 4059.55 2 8791.95 254161 460.746
25197.3 6030.42 3 14116 275318 447.313
19493.7 4052.84 4 11972.1 380240 446.323
25193.4 6038.02 4 11847.1 328063 420.583
19490 4062.53 5 18673.8 375495 482.115
25191.6 6032.01 5 15171.8 384588 411.293
19494.7 4069.64 6 16865.5 330245 477.81
25198.6 6020.51 6 12553.8 429100 436.914
26538 8193.75 6 8039.03 338852 437.612
25202 6037.56 7 15338.7 425600 426.767
19485.2 4071.05 7 10714.5 287572 470.272
19496 4071.39 8 17862.9 369713 480.762
19493.9 4063.47 9 18516.5 436447 467.495
19491.8 4068.47 10 20715.4 542533 471.619
19486.9 4076.13 11 14884.8 301217 460.019
19490.3 4068.79 12 15426.6 271175 467.005
20004 6312.6 12 11741.1 426874 487.207
19488.9 4057.21 13 16760.1 374737 470.598
19987.7 6312.6 13 10047.5 397602 463.828
21774.3 16144.6 14 9710.72 439658 502.11
20002.3 6309.76 14 10682.2 449250 479.46
19993.1 6312.67 15 8188.54 406096 475.043
20000.6 6309.44 18 9567.96 400786 472.771
19993 6308.16 24 10624.4 247822 450.59
26541.7 8197.26 27 8681.27 288978 417.644
6008.95 759.245 31 8641.81 614543 393.338
26555.8 8203.26 36 8140.86 313121 439.059
26518.5 8213.96 39 8587.6 301000 415.883
17783.4 8212.04 51 8784.42 312256 450.641
26513.5 8197.29 51 8712.66 257786 413.562
25947.1 8905.14 62 8903.55 331607 451.967
26525.2 8202.11 73 8338.82 231911 402.192
22045.2 8433.18 79 8038.7 521458 514.076
26515.7 8210.91 84 9701.08 305004 413.857
13664.6 4132.74 91 8188.74 179207 388.412
22231.4 2018.38 102 11095.7 359681 476.299
11666.7 23961.2 106 8768.13 265273 364.052
16833.7 17668.8 111 12003.5 532521 449.113
16834.8 17674.6 112 13010.9 574294 457.795
16836.6 17669.5 113 14129.3 803774 455.551
16834.1 17670.6 117 9364.64 591239 434.5
16835.4 17682.7 118 9212.17 991889 463.551
16833.6 17674.7 122 12190 1.15415e+006 467.619
22207.3 13151.8 125 11729.2 546617 478.612
26555.6 8202.23 125 9067.74 375935 432.728
22213.7 13165.4 126 19095.8 766508 498.593
26529.7 8205.68 126 8674.88 303079 418.825
22207.2 13158.6 127 23419.7 1.6199e+006 543.086
22209.3 13151 128 28078.2 1.6343e+006 562.773
22208 13158.6 129 21509.1 990734 535.52
22211.9 13148.7 130 29320.7 2.0983e+006 571.046
22215.7 13158.2 131 31498.8 2.1956e+006 566.572
22216 13154 132 23097.3 1.09615e+006 541.463
22221.1 13156.3 133 24170.9 1.54607e+006 539.455
17455.2 9671.45 134 15335.8 634459 490.817
22222.6 13152.8 134 12739 618388 462.281
17459.7 9665.76 135 15031.5 670205 485.317
22203.8 13154.3 135 13917.1 718384 476.869
17448.8 9669.73 136 13577.3 610658 479.405
22196.8 13146.1 136 10012 292158 444.371
12954.9 11240.6 137 24335.4 312025 456.061
22204.8 13152.9 137 17140.6 912425 499.314
17459 9679.88 137 16372.5 430369 444.754
12949 11228 138 24650.3 512970 471.706
17444 9677.37 138 13558.7 368618 454.005
22203.4 13150.6 138 11640 443973 469.646
12943.7 11240.7 139 17893.6 299023 426.561
17451 9679.03 139 14730.5 397450 434.957
22220.6 13144.8 139 11615.3 456467 449.397
17442.6 9669.96 140 16661.5 469002 463.365
17446.2 9663.25 141 15649.1 370193 448.242
17440.5 9673.86 142 13504.9 443191 465.3
17447.4 9670.51 143 9480.14 330583 468.142
23187.7 8688.94 143 8488.62 336177 416.289
17440.7 9670.03 144 12968.1 492413 459.839
25632.1 3446.18 144 8345.74 307604 410.971
17441.5 9671.67 145 13807.9 387800 442.577
17435.3 9668.06 146 15214.8 481557 441.679
17447.1 9654.33 147 12474.9 324184 442.691
17448.9 9653.77 148 14447.2 488046 480.413
25627.6 3446.91 151 11092.1 250149 407.016
25627.5 3438.08 152 12222.1 259840 419.242
26529.4 8199.98 154 8364.9 200873 387.992
26543.4 8206.86 155 8725.01 292195 402.357
26553.5 8208.68 157 8162.01 353751 389.801
22682.6 8962.15 160 8977.43 617354 429.821
22692.2 8942.57 161 11555.9 457260 427.606
26563.3 8201.27 168 8124.48 224437 391.43
26547.7 8199.74 178 8592.28 341691 382.666
22698.7 8945.4 183 10783.2 772729 436.244
26554.9 8205.17 185 9354.59 265509 398.475
23179.6 8686.2 185 9242.59 564217 420.616
26539.3 8210.25 190 8832.35 321406 389.42
12429.3 10318 195 9019.97 443621 428.789
23181.8 8693.16 195 9726.4 226561 406.837
12414.7 10320.8 196 13962.3 619230 453.231
23179.3 8688.65 196 12281.2 433174 399.199
26533.4 8203.93 197 8645.46 310406 399.396
26520.3 8206.79 198 8052.28 243990 405.83
19348.3 10967.6 201 10204.4 356325 418.861
26531.3 8204.46 202 8062.26 265835 387.542
17556.3 29355.5 206 10338.9 469318 363.227
26516.3 8217.24 216 11340.2 391098 403.713
26512.2 8207.82 217 8612.82 289391 401.003
18458.1 12929.6 218 10709.2 394208 433.508
18447.9 12938.7 219 17243.8 494821 426.777
18449.2 12944.3 220 16967.2 326992 438.903
18449 12934.2 221 18419.5 393658 417.308
26526.4 8211.49 221 13797.3 429762 392.738
18455.1 12946.3 222 16654.5 551532 436.943
26515.5 8210.33 222 16457.5 376862 409.384
18451.6 12937 223 18664.8 625395 438.325
26510 8214.32 223 18453.5 523285 400.42
18459 12938.9 224 17363.5 380141 425.426
23175.6 8678.45 224 12209.8 667059 438.948
26517.8 8204.91 224 8785.51 266590 399.351
18458.8 12930.3 225 18699.8 762837 424.418
23166.8 8686.54 225 10158.6 505823 402.313
18463.5 12945.8 226 17003.3 496771 438.904
18461.2 12934.5 227 19381.7 544906 439.552
26527.8 8199.73 227 8147.96 289376 387.302
23179.2 8689.95 227 8195.86 235694 386.515
18455.3 12941.1 228 17141.5 380389 408.191
18458.2 12944.9 229 18911.5 473620 423.004
26534.1 8194.63 229 8216.17 273537 376.822
18457.1 12937.6 230 19096.6 530812 445.095
2256.58 12899.9 230 8609.31 186148 333.45
18451.3 12942.1 231 19237 591662 441.765
18460.9 12935.3 232 19024.3 528132 425.367
18462.7 12936.5 233 17153.7 427767 443.559
18454.1 12944.5 234 15692.7 409772 416.008
23181.8 8677.75 237 12560.6 789226 418.157
26511.5 8216.93 238 12315.9 407820 409.384
23183 8674.31 242 9826.03 378847 406.862
26545.4 8212.9 249 8086.22 205798 400.687
26515 8206.16 255 8339.08 332982 404.244
18834.5 7713.67 256 12699.1 426866 436.729
23181.6 8675.56 256 8419.53 295895 383.813
18838.7 7708.98 257 16235.2 395366 426.042
18842.8 7723.87 258 18269.4 379250 423.213
26527.5 8209.23 258 8676.24 264090 399.665
18836.1 7706.9 259 12279.5 372627 409.813
26541.7 8195.86 259 8318.51 296658 405.73
26548.9 8197.31 263 8462.56 247644 386.396
26531.8 8211.03 269 8133.43 224906 386.818
23195.5 8692.79 270 12441.3 531841 401.455
26522.8 8215.1 271 10255.1 415408 394.38
22546.4 18313.3 274 8431.61 526644 435.936
23166.9 8681.46 275 9750.34 327815 406.097
18834.4 7711.31 275 8855.87 421309 419.761
22537.3 18287.6 277 10967.3 530882 441.538
26529.1 8219.13 282 8135.76 266241 390.692
26520.4 8205.23 283 12255.9 323481 406.174
23183 8700.36 283 10670.9 442349 415.446
26517 8213.12 291 8997.93 253868 406.346
23188.8 8689.51 292 10593.8 546692 419.56
13807.7 9062.59 294 9464.16 360222 446.417
23171.7 8684.42 294 9585.39 439860 411.01
13821.4 9053.6 295 10892.5 314450 465.708
13808.3 9079.8 296 10196.2 308089 450.562
13811.1 9079.21 298 9181.85 531521 450.975
28967 29254.9 303 9522.74 977157 466.278
22079.4 15765 303 10298.1 324698 383.535
22085.4 15766.6 304 10155.2 301216 386.57
22096.6 15771.3 305 10216.1 280402 388.354
28990.3 29247.2 306 9238.88 591313 450.418
29002.9 29235.4 307 9214.85 766345 464.291
26546.1 8195.92 308 8032.15 238759 404.478
26521.4 8186.64 309 8967.46 251305 394.611
28569.3 28748.9 309 8577.58 195771 361.542
28580.9 28742.6 310 8240.1 260499 372
17521.4 8081.12 311 10421.1 417136 442.414
28590.6 28741.2 311 8604.87 253814 362.07
17515.6 8074.55 312 11821.7 490403 479.402
28587.9 28746 312 8726.31 216731 368.565
17536.8 8078.13 314 9947.9 364388 449.653
17542.2 8080.75 315 17415.3 1.14104e+006 441.643
26485.9 8212.92 319 11218.7 265258 375.111
17507.6 15420.7 320 8161.45 417824 454.454
17533.1 15425.3 321 8106.06 422097 456.917
16838.5 17663.6 322 8402.81 337156 408.855
16837.9 17662.3 323 9539.66 344691 404.738
16837.2 17674.6 324 10922.8 297406 408.968
16832.7 17680.9 325 14417.7 481201 397.997
16823.2 17682.2 326 13366.3 611751 400.053
23174.3 8694.95 326 8197.83 362710 418.632
16829.5 17684.6 327 13573.5 413783 406.161
23178.9 8692.15 328 11247.5 678709 403.797
14205.3 9911.13 332 10241.8 263256 383.564
23187.6 8683.16 333 8125.18 233506 391.251
13206.5 13430.9 333 8255.03 224027 369.445
23179.3 8691.25 334 9441.11 269646 393.063
21992.9 8449.65 341 8452.19 423437 471.945
17440.2 9673.77 344 15276.5 337796 411.652
17446.3 9669.37 345 14420.5 365954 410.16
21999.2 8425.56 349 10574.7 861044 490.146
22011.1 8429.54 350 8672.77 724222 497.553
22022.4 8433.8 351 11727.9 746563 499.006
22013 8442.08 352 8601.06 465603 481.535
13531.6 9686.22 355 8091.24 556868 482.098
26472.2 8218.99 355 9682.46 329127 380.428
13533.2 9681.78 356 8652.87 475028 464.318
26491.4 8228 356 10006.9 256522 383.371
26478 8211.18 357 10227.4 476755 380.62
13521.7 9682.83 359 8170 518485 466.055
13530.7 9705.29 363 8469.91 459178 455.857
26493.2 8211.86 371 8250.65 267101 370.562
26490.3 8223.8 372 9913.44 308157 371.154
26487.7 8216.69 373 10174.9 275387 372.027
16179.3 6098.12 375 9721.12 526993 460.892
16200.7 6101.44 376 12098.8 770637 494.19
16202.2 6104.98 377 13438.5 691732 507.159
16208.4 6122.34 378 12373.5 884549 504.199
16164 6087.26 379 9451.38 511730 458.723
23160.3 8687.27 380 9026.76 416184 429.812
25753.4 11764.3 418 9575.19 586038 488.335
3134.56 31810.6 418 8052.47 212859 320.694
25729.8 11740.8 419 9825.41 590633 527.257
25745 11725.6 420 8374.32 772563 530.847
23170.8 8693.47 420 11309.7 586917 413.099
3150.3 31803.4 420 9158.09 160875 334.296
23166.6 8694.5 421 10746 2.31323e+006 484.926
19293.8 4118.58 423 10687.5 372423 396.023
19295.2 4118.34 424 14497.3 775536 403.036
20400.6 5145.36 424 8194.24 190719 387.833
19302.7 4115.39 425 17640.9 616761 406.377
25732.5 11722.3 425 8160.29 683790 508.613
25715.9 11734.8 426 8164.82 887144 523.989
23177.1 8677.47 427 11062.8 460551 402.327
13410.4 4798.5 428 12706.9 640350 434.051
20402.4 5161.86 428 10510.2 218838 376.883
20410 5147.34 429 9135.66 217977 384.464
23186 8676.74 429 8664.67 433691 402.318
23187.2 8692.34 430 9169.76 360639 400.004
20403.8 5152.33 430 8371.22 293246 380.056
22003.4 8452.37 446 8271.81 490070 468.008
23186.5 8680.13 453 8769.77 347095 396.465
27437 9328.15 458 8700.79 223123 377.256
23175.8 8697.06 461 9439.5 331246 402.49
23172.8 8681.17 462 8727.93 366710 405.052
23175.7 8700.78 494 8056.71 249171 377.595
15491.5 4721.64 505 9097.56 248941 367.164
15497.7 4726.6 506 19764.4 697833 381.817
15494.2 4717.46 507 14681 409657 366.317
15495.8 4720.02 508 21437.3 733924 380.714
15488.6 4719.13 509 20679.4 418029 393.255
23193.5 8693.13 531 8357.55 258762 369.744
23196.6 8686.68 538 9214.4 435564 387.289
23177 8689.49 539 8809.21 474389 379.703
18836.7 7710.52 546 9916.92 211827 373.248
23200.4 8681.33 553 10767.7 520509 380.909
23183.7 8682.88 555 8682.79 397067 375.831
25417.9 12934.1 567 8584.84 562287 451.261
23182.4 8689.94 567 8417.37 450454 375.788
9015.02 13590.2 574 8142.36 188223 372.883
23169.4 8691.46 581 10351.3 354932 384.868
23180.6 8687.23 582 12846.2 556332 399.158
23173.7 8682.06 583 11782.6 630260 386.937
23174.4 8691.65 584 10218.7 396784 381.891
16866.8 11326.6 596 16017 374242 443.023
16847.2 11322.3 597 16902.2 438417 462.72
16853.2 11335.6 598 16416.5 541297 449.225
16863.9 11319.2 599 14525.9 464367 404.481
16858.5 11327.6 600 19928.9 766814 413.941
16860.3 11326.9 601 27230.8 705041 429.323
24674 2436.41 601 8467.5 292833 347.935
16847.9 11327.4 602 18142 543533 418.327
16862.9 11327.2 603 17776.6 492093 402.553
23168.8 8688.17 603 8457.58 358967 395.945
16855.6 11328.1 604 24327.6 790887 425.178
23183.7 8680.62 604 8475.23 355418 391.803
24671.3 2426.55 604 8011.04 220427 353.846
16863.5 11333.9 605 15648.6 363715 403.46
16863.5 11326.3 606 15850.1 520819 419.618
23189.3 8694.04 606 8609.12 310390 372.071
16863.3 11330.3 607 15156.3 494233 416.249
16870 11327.8 608 12555.4 314110 410.284
16862.9 11329.4 611 9767.87 310456 402.146
23171.1 8691.03 614 9194.54 507756 387.492
23188.7 8682.55 615 10394.8 648330 375.419
18631.7 6460.98 628 9473.52 204560 403.432
18618.8 6459.2 630 15778.6 318486 414.11
18617.4 6461.38 631 20548.8 503032 410.854
18611.2 6462.94 632 15591.1 409941 402.182
18618.4 6460.23 633 18031.9 344147 414.746
18623.4 6462.6 634 18348.6 378667 406.054
18620.6 6463.94 635 28744.3 1.00648e+006 403.262
18618.8 6463.71 636 25058.2 812674 431.297
23188.9 8677.8 636 8108.44 342801 376.13
18616 6465.95 637 20302.8 517794 415.268
23181 8680.39 637 8688.4 233004 378.331
18628.1 6465.96 638 25250.8 669829 411.231
18624.3 6461.95 639 27562.1 1.08701e+006 407.661
18629.3 6460.61 640 25692.3 580687 428.133
18623.6 6464.45 641 22748.5 744924 403.457
18621 6466.9 642 23283.4 332509 409.762
18624.1 6468.48 643 14286.9 413337 400.321
18626.9 6468.29 644 19193.4 462131 402.553
18626.8 6463.03 645 18994.8 384678 409.088
18619.4 6461.37 646 19720.6 538168 398.111
18618.2 6468.88 647 23197.4 599368 391.217
18619.1 6461.58 648 25665.1 677061 403.72
18620.7 6459.43 649 19337 466767 390.237
18621.6 6464.12 650 18972 412356 399.552
18622 6470.79 651 21531.7 476131 391.201
18627.8 6464.66 652 25385.8 556940 409.752
18617.4 6462.95 653 23796.5 578668 406.811
18618.4 6468.94 654 25235.4 797338 400.757
18622.3 6471.15 655 25728.8 610073 418.592
18621.8 6465.94 656 25563 579413 430.483
18621.7 6463.44 657 24066.9 472842 400.422
18624.4 6466.86 658 24687.7 458054 419.43
18618.3 6462.05 659 21893.4 368869 405.162
18616.3 6471.83 660 24860.6 686158 404.235
21911.4 12925.2 660 10547.4 227642 361.508
18618.3 6467.55 661 24959.4 751511 413.11
18620.5 6462.65 662 17367.1 411782 399.956
18620.3 6469.07 663 13629.1 532393 377.339
18624.3 6462.42 664 15759.7 394139 399.446
18612 6457.6 665 14840.6 322873 398.949
18625.7 6469.19 666 14631.7 340378 395.225
18619.5 6475.31 667 11378.7 271417 403.418
18626.6 6463.08 668 12910.7 363479 397.294
18627.4 6464.75 669 12966.8 253116 401.039
23177.3 8686.31 669 8833.21 305879 373.933
18623.1 6465.48 670 20319.8 528411 392.459
18618.9 6463.4 671 19329.1 402472 413.872
18617.6 6464.31 672 16376.8 440378 387.345
18620.2 6464.23 673 19079.4 490497 383.558
18618.6 6468.29 674 19123.8 418551 410.646
18619.9 6465.76 675 19735.5 400904 409.137
18618.7 6462.57 676 20282.3 467861 417.638
13427.6 15143.8 677 13081.2 2.7575e+006 682.55
18618.8 6462.69 677 17373.3 500506 409.145
13431.2 15140 678 11207.3 1.56425e+006 580.99
18620.4 6470.31 678 16833 488696 422.072
18635.8 6465.57 679 18941.4 470162 413.81
18621.2 6467.2 680 17820 597614 405.54
18619.4 6448.47 681 11114.3 303289 400.22
18628.3 6473.34 688 12713.9 266369 397.698
18631.2 6465.57 689 9699.36 203792 385.28
25687.8 5214.8 694 8120.94 446733 395.51
18623.1 6466.96 696 9320.09 300646 382.737
25685 5227.02 706 8940.8 382388 395.08
17421.2 1256.85 707 8674.45 223012 357.132
26466.8 8212.98 712 8007.78 325106 347.942
23163.7 8688.28 734 8031.62 233229 362.588
13938.3 9228.87 735 8122.78 184893 408.987
22576.6 5510.6 742 10853.9 397104 390.236
16837.1 17660.7 757 9157.68 254349 370.846
16829.8 17677.9 758 13487.9 387969 384.497
16832.5 17679.8 759 13791.7 427414 382.234
16829.1 17679.4 760 13459.7 250811 390.594
11552.9 6578.7 791 8460.54 138973 357.59
11542.2 6577.94 792 9492.02 262143 371.063
11552.5 6576.2 793 9796.17 200882 371.707
11543.5 6582.81 794 11029.8 297420 363.636
11558.5 6577.15 795 10106.9 269578 379.046
11557.4 6583.81 796 8791.61 155672 367.68
11548.9 6587.23 797 10862.2 244487 382.701
11553.7 6575.12 798 9603.48 195753 375.681
11543 6579.19 800 11216.6 217291 376.815
11546.5 6580.98 801 10684.5 174932 369.784
11570 6589.07 802 9645.49 164436 379.288
23175.3 8689.5 857 8077.61 316956 375.945
9014.61 13612.5 861 9689.24 252101 369.909
23181.4 8695.57 888 8550.58 253947 377.322
14624.9 3042.59 891 8819.98 257225 360.676
14624.6 3040.88 892 9547.73 236697 363.792
15244.2 3841.75 917 9731.71 404091 373.151
22734.5 7779.18 929 9277.73 264021 356.977
22740.3 7776.3 930 11330.7 299376 359.532
22744.4 7783.16 931 11227.2 199476 367.989
22738.8 7766.36 932 10711.9 214915 359.221
20322.6 4270.66 935 8090.16 193883 385.38
11537.1 6571.59 955 9382.65 250336 367.365
11558.7 6572.48 956 10093.6 213369 372.336
11553.3 6583.65 957 10291.4 242619 369.852
11555.5 6574.29 958 10666.8 203345 373.313
11552.5 6574.33 959 9184.6 233830 379.501
11555 6574.08 960 9872.76 196115 385.812
11559.3 6565.62 961 10093.5 237158 375.303
11544.6 6581.21 963 9550.1 215264 365.908
11536.2 6582.08 964 9654.51 217977 368.425
11552.6 6590.81 965 9290.25 188054 370.432
11548.9 6577.31 966 9437 290246 372.152
11549.5 6583.42 967 9981.52 153438 378.638
25241.7 6109.66 999 8957.21 383194 397.377
21780.2 5147.59 1020 10546.8 285479 379.595
6656.85 8803.17 1030 8504.75 204862 337.572
31333.1 31920.1 1124 8221.48 222641 329.008
31314.7 31924.5 1126 8109.46 293260 333.115
31328.1 31947.3 1127 9024.94 199315 335.734
31336.6 31921.1 1128 9008.44 209025 333.908
13626.7 15125.9 1156 8660.61 451581 402.602
13606.3 15146.7 1157 8909.09 294991 389.159
15173.4 7506.84 1160 10545.8 377214 395.766
15163.1 7519.25 1161 11928.5 366586 404.413
20129.6 11917.9 1161 10124.5 215743 357.278
15172.6 7529.92 1162 12699.4 361174 409.394
20143.9 11910.6 1162 9625.66 346743 359.345
20139.4 11913.8 1163 10596.2 284320 364.407
15171.3 7524.56 1163 8289.92 557911 416.012
29970 29010 1163 8844.88 189817 351.866
15494.6 4715.77 1164 23222.2 529305 367.421
29975.3 28999.1 1164 10311.4 214552 351.188
15163.4 7523.01 1164 8588.92 321024 396.966
15494.3 4718 1165 25426.3 574660 391.8
15165.2 7522.75 1165 13257.8 392180 412.513
15499.2 4713.01 1166 31735.6 799971 380.381
15170.4 7519.29 1166 14453.6 386038 410.518
15506.2 4712.27 1167 14877.1 221400 381.142
15164.8 7506.17 1167 10442.4 432229 401.312
15494.6 4709.28 1168 31874.5 769373 398.141
20151.9 11915.7 1168 11073.6 272273 359.514
15489.1 4716.73 1169 30539.2 770293 388.677
20144.8 11915.3 1169 15109 283314 369.072
15493 4719.02 1170 28483.6 447886 394.779
20139.1 11922.3 1170 10272.4 240634 355.202
15495.8 4723.8 1171 17663.2 329210 373.595
20141.2 11915.6 1171 15095.6 331860 369.299
15486.2 4713.96 1172 16855.4 379371 376.284
15490.8 4716.44 1173 15342.9 368581 368.008
20141.7 11920.1 1173 13055.6 237522 366.427
20132.2 11916.4 1174 15232.3 463530 366.079
20138.5 11909 1175 10997.3 268376 372.22
20150.8 11911 1176 12665.7 276657 377.029
20138.6 11908.8 1177 14072 305861 373.917
20145.8 11908.8 1178 16650.3 251984 383.109
20159.2 11922.8 1206 10115.9 315826 371.898
18575 15561.5 1246 10677.3 336055 373.125
18562.1 15565.9 1247 10830.7 326725 371.811
18559.2 15549.6 1248 10092.4 230484 379.01
18572.7 15581.9 1249 9769.55 292372 388.172
28973.1 29249.3 1252 9118.33 454300 428.178
25239.2 10140.1 1252 10832.7 304591 354.469
28966.9 29258.1 1253 8549.38 498620 431.797
28874.8 27456.8 1305 19986.6 595603 329.806
28872.5 27458 1306 9571.22 218734 337.203
25193.5 6027.36 1323 9166.51 386414 344.861
8211.8 6856.22 1325 8265.56 141138 327.873
8218.6 6877.76 1327 16598.9 335110 343.477
8208.38 6871.77 1328 17930.5 466158 345.813
15495.8 8647.07 1329 9170.47 395814 413.071
15491.6 8649.9 1330 8118.62 394906 402.256
25988.9 3446.01 1340 8146.65 155950 360.667
16547.9 16376.8 1375 13711.2 217247 391.02
16563.5 16371.5 1376 13706 297433 402.775
16556.7 16365.9 1377 16216.1 256829 391.831
16534.1 16375.9 1378 8265.58 208044 367.704
16562.6 16377.1 1379 16229.5 303022 385.653
21359.5 32205.2 1434 14529.1 439856 412.803
21345.9 32205.3 1435 15731.2 324599 425.441
21347.1 32202 1436 18121.3 561107 449.049
21348.5 32218 1437 14797.2 308826 412.915
21366.1 32205 1438 19621.8 702764 447.43
21358.2 32204 1439 21618.6 516242 471.765
21359.9 32200.9 1440 18074.3 425404 446.992
21356.6 32202.2 1441 18573.3 408360 440.546
24255.1 5020.61 1441 8546.33 592670 481.611
21354.4 32212.3 1442 16270.1 413585 426.336
24259.9 5028.24 1442 9396.61 665270 487.299
21351.2 32215.5 1443 15414 475224 428.444
21348.6 32206.8 1444 14897.6 405175 399.224
21343.9 32197 1445 12208.5 385024 415.397
21356.6 32198.4 1446 18564.5 574312 456.679
21367.8 32198.7 1447 20223.1 678455 464.767
21353.1 32208.9 1448 20682.6 714888 466.5
21347.1 32206.4 1449 15347.5 569536 436.582
21353.7 32198.9 1450 19904.3 411563 455.116
21351.6 32207.7 1451 17989.1 505415 442.252
21354.6 32206.5 1452 17819.9 471157 418.99
21357.6 32211.5 1453 18407.3 525493 453.788
21363 32202.6 1454 20043.5 463248 440.454
21360 32202.3 1455 24447.1 854629 486.694
21360 32207.7 1456 16863.3 592617 442.674
21355.7 32206.4 1457 20590.8 581751 450.1
21361.2 32197 1458 16734.9 368509 438.973
21353.5 32211.2 1459 16029 481565 424.014
21369.3 32228.2 1460 11653 313895 401.765
21357.6 32213.1 1461 9566.05 305514 381.629
21346 32205 1463 8339.87 221057 375.625
25888.9 11710.2 1464 9781.37 243493 405.479
25909.2 11714.3 1465 9057.23 271316 407.77
25879.6 11717.2 1466 10204.2 274680 399.394
21358.6 32202.3 1466 10108 438311 385.289
25878.8 11714.9 1467 10284.8 319789 404.176
25890.5 11706.2 1468 15099.5 564555 446.919
21353.6 32208.4 1468 10382.6 252323 388.324
25899.9 11699.3 1469 14675.4 379968 415.629
21355 32214.7 1469 8723.34 258806 375.133
25885 11710.8 1470 12284.9 318270 414.066
21368.6 32201.9 1470 10046.2 241466 380.137
25893.5 11718 1471 13419.3 318307 432.922
25903.9 11721.7 1472 13364.1 335517 424.115
21361.5 32205.4 1472 10237.2 196988 384.27
21345 32204.3 1473 10808.9 297936 396.898
25892.9 11720.3 1473 8561.85 319368 386.618
21354.8 32208.5 1474 8583.59 303027 382.063
25912.1 11715.8 1475 12198.8 376514 430.959
25887.5 11718.4 1476 13731.4 359317 431.032
25896.9 11720.3 1477 8951.39 266899 395.824
16556.8 16382.5 1477 8166.59 204508 390.718
21961.7 6501.38 1489 10038.9 280162 358.267
15261.1 3838.97 1491 10608 293316 360.317
21966.5 6518.77 1491 10114.1 255241 362.467
21971.1 6519.6 1492 14712.9 537967 376.621
15259.6 3839.67 1492 9752.62 385603 371.231
21976.7 6513.05 1493 15938.2 351463 374.992
15267.8 3845.95 1493 9664.85 325318 363.073
21968.1 6514.52 1494 14368.7 317249 370.028
15266.4 3838.19 1494 9891.04 356336 364.838
21971 6519.56 1495 15852.6 348957 377.675
15259.2 3845.03 1495 9627.44 1.06359e+006 409.19
21976.9 6515.25 1496 13378.9 326428 371.359
15260.6 3839.75 1496 10091.1 1.0799e+006 410.566
18565.9 15576.3 1497 19172.7 370016 384.255
18567.3 15571 1498 16644.7 578329 382.523
18564.1 15579.7 1499 17613.3 511711 383.724
20106 17154.3 1537 12056.8 201088 381.158
20130.3 17164.9 1538 13428.8 324082 348.309
20124.4 17161.2 1539 12699.9 337112 370.186
20121.5 17154.6 1540 10772.2 214957 374.059
20116.6 17156.2 1541 15001 347627 369.804
17431.2 9677.84 1541 8099.96 167681 352.421
20113.3 17152.9 1542 13480.9 317165 375.426
17439.1 9686.82 1542 8127.35 208524 371.985
20132.8 17153.8 1543 13017 423494 361.805
17438.5 9688.29 1543 8008.01 178993 366.121
20137.3 17154.5 1544 19379.7 440452 358.744
20120 17156.1 1545 18847.9 463123 367.081
20121.9 17149 1546 12525.5 295151 348.245
20121.4 17159.3 1547 14625.2 355492 359.177
17427.1 9683.81 1547 8048.56 215583 362.694
15684.8 9763.02 1553 12580.9 442967 424.562
15681.2 9749.29 1554 17561.1 820333 453.28
15683 9756 1555 19680.9 1.09776e+006 456.61
15677.7 9753.84 1556 16229.6 478126 438.637
15686.3 9744.98 1557 15868.9 660140 451.281
15668 9758.68 1558 13466.8 377868 430.427
15683.1 9744.74 1559 18637.2 954053 461.584
15676.3 9752.51 1560 15196.5 622757 432.436
15682.8 9741.46 1561 17511.5 684510 453.744
15690.4 9748.03 1562 9156.04 468692 415.577
22730.4 7785.37 1606 14085.6 282138 350.344
22727.6 7788.62 1607 17485.3 457794 352.932
22734.1 7774.45 1608 17038.6 358595 358.186
22734.2 7783.4 1609 19249.1 350711 363.767
22739.5 7781.57 1610 24517.2 428451 369.099
22731.8 7781.7 1611 22671.4 640997 360.933
22730.8 7783.94 1612 25240.9 562892 371.374
22735.2 7781.36 1613 22635.1 518626 360.048
22728.6 7781.88 1614 18166.1 298522 359.042
22731.4 7774.68 1615 19651.3 397696 352.942
22732.1 7776.63 1616 26367.7 545448 372.947
22738.2 7781.59 1617 16282.3 410760 362.737
22741.5 7783.84 1618 14498.7 285613 342.016
22736 7786.25 1619 12260.5 291428 347.809
22733.2 7790.4 1620 16157.7 309640 341.613
22745.6 7763.05 1621 12768.2 407646 353.158
1686.66 16018 1633 10507.3 153198 330.101
1685.2 16015.3 1634 10516.9 268560 351.007
1680.8 16010.4 1635 9885.3 184388 347.117
1682.85 16006.7 1636 10946.9 212582 340.299
13135.7 6865.74 1646 9551.18 246923 350.453
13129.3 6861.55 1647 9367.95 273810 346.116
13121.2 6862.84 1648 9873.29 284540 349.213
13118 6865.44 1649 9710.56 286555 362.321
20232.2 1892.74 1674 12041.8 284199 355.595
20242.8 1909.26 1675 15412 496577 359.3
20240.2 1904.03 1676 15281.4 212822 371.131
20242.5 1910.11 1677 16314.8 294932 357.159
20243.3 1907.76 1678 15396.4 433482 353.763
20249.6 1898.72 1679 17211.1 332848 361.462
20236.5 1917.68 1680 14480.5 393710 347.725
20230.1 1912.77 1681 17574.8 267973 367.639
20242.7 1906.04 1682 15154.6 404400 353.372
20247.6 1912.53 1683 13295 353375 342.853
20243.9 1912.77 1684 17347.3 644021 362.566
20244.3 1907.08 1685 17483.3 332176 367.712
20242 1910.34 1686 18654.9 430189 372.907
20245.2 1895.41 1687 22984.6 530778 371.145
20237.3 1907.16 1688 21639.8 492007 368.268
20248.8 1904.17 1689 19585.5 334849 387.826
20240.8 1908.56 1690 18875 462186 371.261
20245.1 1900.46 1691 21401.4 650303 378.553
20247.9 1902.93 1692 20877.4 330165 392.007
20236.6 1909.95 1693 16411.6 365321 372.107
20237.5 1900.49 1694 16541.5 341661 361.266
20239.1 1902.99 1695 17395.7 304980 368.331
20247.9 1904.7 1696 13045.9 385543 352.433
20237.3 1901.53 1697 13701.6 238294 347.96
20240.7 1909.83 1698 11792.9 256448 351.585
20243.2 1903.59 1699 13206.1 247414 358.031
20239.2 1914.51 1700 12967 217357 364.463
20240.7 1900.62 1701 15657.1 277862 354.725
20245 1905.16 1702 13954.1 255326 363.654
20240.1 1904.63 1703 14598.2 331775 372.631
20237.5 1906.61 1704 13564.3 410973 347.34
20253.4 1904.99 1705 14827.5 348537 356.874
20240.9 1908.67 1706 13078.1 284089 364.518
20250 1893.72 1707 11234.4 301376 342.328
20248.4 1908.18 1708 9289.12 305686 345.62
20241.3 1908.81 1709 10819 428229 340.983
20236.5 1895.56 1710 10055.5 270737 347.123
20234.7 1895.78 1711 11144.9 344076 340.337
20252.7 1909.11 1712 9863.34 303351 342.51
20244.8 1898.03 1713 8533.23 203133 331.512
20242.3 1901.72 1714 8688.08 230360 347.547
20252 1903.57 1715 9876.86 185069 345.629
20243.6 1905.38 1716 11291.7 333758 351.365
20235.9 1903.04 1717 10293.1 284913 346.193
20241.7 1915.12 1718 10082.2 223066 343.201
20235.7 1892.08 1719 8602.47 256658 346.543
20228.3 1912.73 1720 8954.92 222155 346.499
20242.4 1892.53 1721 9392.03 250319 347.541
20248.4 1910.8 1722 9163.61 290902 346.554
20247 1905.11 1723 10353.9 391774 352.65
20234.3 1903.82 1726 9719.33 228883 353.345
20239.4 1904.42 1728 9554.56 259265 342.523
20245.5 1894.28 1729 9134.43 279196 345.634
20245 1902.41 1731 8359.98 448152 353.004
20238.2 1912.52 1732 8975.54 284461 354.283
20251.2 1907.95 1733 9839.65 294464 347.354
20247.6 1901.7 1734 8953.29 223267 342.878
20253.6 1898.42 1735 9182.05 300774 330.904
20245.2 1908.91 1736 9894.04 234554 352.67
20237.5 1904.76 1737 11280.2 184291 332.23
20240.4 1914.73 1738 11086.2 295186 335.669
20244.4 1906.2 1739 10265.1 149702 347.922
20100.9 9871.9 1739 9052.2 205626 367.789
20240.8 1920.96 1740 9239.52 198569 337.907
20239.2 1888.19 1742 8000.24 247117 336.504
15191.7 7965.48 1797 8194.19 183702 373.166
29980 28995.2 1799 8517.4 216574 370.82
17340.4 15338.1 1846 8178.78 339171 381.842
15528.5 16165.4 1866 8058.79 150056 357.794
15540.3 16172.6 1867 12452.1 296032 355.367
15548.5 16166 1868 12742.3 206741 349.867
15538.3 16169.3 1869 13382.1 334022 346.656
15543.7 16160.1 1870 10942.5 296629 352.683
15536.3 16172.1 1871 20970.7 535535 366.163
15532.9 16176.4 1872 20630.9 473250 357.592
15535 16169.9 1873 12667 289495 349.434
15532.5 16170 1874 13906.3 550050 337.576
15547 16172.6 1875 16370.3 636456 347.318
15541.2 16162.7 1876 15895.5 410675 342.825
15535.9 16168.1 1877 17677.2 392935 340.875
15544.6 16166.5 1878 15157.2 515178 340.384
15544.3 16172.8 1879 11334.9 309600 353.101
18807.5 17197.8 1881 9181.47 1.32418e+006 515.763
18790.5 17223.1 1882 8290.6 1.14573e+006 491.328
18783.9 17190.2 1883 9454.95 1.37815e+006 511.972
25095.7 4201.36 1945 8658.01 174435 337.432
25089.4 4207.28 1946 8562.67 223127 342.296
18967.7 18772.2 1948 18907.6 331386 366.358
25087.1 4200.21 1948 9218.82 230766 329.738
18967.5 18775.3 1949 10230.7 266901 350.943
26086 4202.02 1962 8980.7 261101 378.406
26086.1 4202.36 1963 8008.02 238090 361.855
15053.3 4417.49 1980 13275.2 204714 343.847
15056.2 4398.23 1981 12071.5 217088 341.487
15055.9 4410.26 1982 15850.1 267752 354.598
15054 4403 1983 14214.3 331027 351.063
15045.9 4407.67 1984 16597.7 488567 345.142
15054.6 4409.12 1985 17362.8 458839 355.727
15057.4 4408.94 1986 15567.6 210701 351.281
15046.4 4415.4 1987 13538.8 262419 346.171
15050 4401.36 1988 9671.21 211024 331.704
26551 7668 1989 9969.73 320352 332.335
15039.4 4413.7 1989 8056.76 189055 327.537
26547.7 7664.44 1990 8899.18 242289 328.818
26550 7677.35 1992 9627.11 246108 337.387
14819.3 12036.9 1992 8423.63 176095 346.097
3141.42 31824.4 1993 11600.9 208752 316.851
3144.77 31822 1994 12392 195619 310.797
28880.1 27466.5 1994 11868.8 339908 324.422
28874.1 27457 1995 30503.6 1.50734e+006 331.712
28877.9 27460.1 1996 32441.7 1.60011e+006 333.893
28867 27452.3 1997 19492.6 417364 341.783
28870.5 27458.7 1998 28761.5 1.27664e+006 340.276
28877.2 27460.1 1999 24790.5 823430 343.836
28880.2 27460.9 2000 28113.3 1.06728e+006 337.967
28872.7 27457.4 2001 30947.2 1.54929e+006 329.34
28878.1 27464.2 2002 29878.6 1.0759e+006 325.844
25342.1 9693.02 2038 16827.3 220402 356.219
25345.8 9693.27 2039 21085.8 288213 362.985
25342.6 9694.05 2040 28751.6 553471 375.99
25348.7 9700.22 2041 24533.1 366609 394.904
25352.7 9695.81 2042 18385.8 245500 366.001
25330.7 9694.29 2043 30044.8 415056 387.377
25349.3 9698.39 2044 25974 515237 394.683
25345.1 9694.45 2045 26265.6 397359 394.101
25345.4 9701.98 2046 28405.8 453381 384.941
25338.4 9698.13 2047 21412.9 653729 371.36
14157.4 9839.18 2047 8951.22 406148 418.719
25334.7 9693.06 2048 28953.6 582994 394.97
14150.9 9835.03 2048 9590.48 669660 444.618
25339.5 9697.26 2049 25328.5 462333 384.062
14168.3 9819.2 2049 12651.5 908009 467.656
25330.6 9699.23 2050 24927.4 328803 391.16
14152.7 9806.34 2050 12626.4 795537 476.084
25345.8 9698.8 2051 22477.9 255331 369.438
14134.7 9802.43 2051 9663.93 594729 443.417
25350.2 9696.47 2052 11067.5 207899 349.723
14162.2 9835.86 2052 8272.71 425576 409.692
14165 9839.5 2053 9130.87 649828 447.404
14159.4 9829.72 2054 10841.9 488811 442.169
18776.2 14148.1 2063 9429.01 330293 354.77
18781.9 14158.3 2064 9004.91 322533 356.517
18763.7 14153.4 2065 9142.41 366102 353.48
18767.4 3765.43 2083 9178.52 310325 378.542
18765.6 3755.58 2084 15016.4 354814 380.246
18774.6 3755.52 2085 15120.4 348741 371.105
18767.2 3760.85 2086 13850.8 486729 349.685
22616.7 14051.2 2093 8552.71 295922 387.112
22618.1 14069.5 2094 9024.95 392739 396.149
15486.1 4719.78 2108 10406.5 191528 352.935
15487.4 4714.26 2109 13132.6 290245 352.1
15492.6 4719.05 2110 14756.6 388925 347.798
15497.1 4719.91 2111 14215 465499 339.915
22626.5 2087.7 2130 8363.2 235162 372.455
22595.2 2113.76 2131 9828.16 323490 390.776
22603 2096.96 2132 15048.8 453797 408.753
22601.5 2120.35 2144 9462.51 246011 375.954
22598.3 2109.82 2145 8857.28 291004 368.87
22608.5 2110.51 2146 10201.1 374873 393.534
22608.6 2107.71 2147 14932.2 574295 398.968
22616 2094.91 2148 13355.1 613035 391.526
14587.2 14662.4 2170 8877.86 287867 347.494
14598.4 14661.9 2171 8317.93 223923 351.559
14588.9 14643.6 2172 8522.54 201923 350.161
14602.7 14650.2 2173 8637.29 235536 357.009
14604.9 14653.2 2174 9061.29 212446 347.633
19857.8 3299.35 2193 10008.8 150303 362.901
19843.6 3295.54 2194 8673.45 191139 355.525
19854.1 3286.27 2196 9800.9 216939 355.204
19847 3290.22 2197 10034.9 272508 361.381
19852.3 3285.83 2198 9237.26 198420 359.577
19848.9 3287.94 2199 9101.08 241510 366.236
19855.2 3293.55 2207 8419.32 391677 393.716
19843.9 3299.68 2209 8785.04 202849 365.462
19849.4 3281.82 2213 8170.18 159440 358.82
19828.7 3310.47 2214 9013.05 254970 360.946
19836.8 3298.46 2215 8714.1 171265 359.917
19852.8 3303.71 2218 8130.15 147391 364.447
25141.4 8577.3 2269 11947.6 264662 339.036
25141.3 8561.31 2270 12238.1 288096 333.126
13907.4 9225.17 2286 8307.83 304818 385.004
15501.4 4726.34 2304 10861.7 307969 339.544
18457.7 12931.7 2305 9030.37 260598 358.436
15497.7 4728.44 2305 9692.57 193279 333.209
15500.3 4726.69 2307 9840.78 241067 330.063
15497.7 4719.12 2308 18106.1 313655 347.588
15495 4718.03 2309 17707.9 647809 349.112
15496.1 4721.12 2310 17301.4 481773 354.337
16558.5 16398.5 2324 8552.12 207783 378.674
16547.8 16372.3 2325 8957.32 169341 369.639
16550.8 16363.8 2326 21382.4 548510 405.319
16561.6 16371 2327 22060.4 494104 405.179
26341.6 6460.93 2327 11872.5 247714 371.118
26349.9 6466.05 2328 9050.68 219096 362.934
16550 16351.2 2328 8087.4 177177 365.527
26356.6 6461.07 2329 9930.52 266988 351.739
26347.9 6470.45 2330 8806.81 168444 359.311
17528.5 8077.57 2366 9653.54 310822 376.13
14404.4 4388.65 2416 11039.2 357823 348.869
14412.5 4388.69 2417 11977.4 308214 339.817
14421.7 4400.84 2418 8774.93 218315 343.073
14409.3 4390.12 2419 11153.6 264080 355.59
14417.3 4396.84 2420 12110.2 301803 355.703
14409.7 4377.46 2421 9780.55 311890 356.685
28863 31650.3 2421 8122.04 232721 337.372
14415.4 4380.38 2422 8605.33 176595 344.575
28860.9 31673.9 2423 11448.3 305187 332.544
14416.4 4386.65 2423 8439.43 238597 350.197
14411.5 4386.85 2424 10666.4 246350 352.347
25714.9 11091.6 2424 8106.01 216700 337.853
14422.5 4396.43 2425 10088.8 351834 346.436
14401.3 4387.96 2426 8570.06 290484 341.909
14401.7 4394.47 2427 8751.53 270839 339.594
14405.9 4397.06 2428 10273.2 288035 356.348
14420.2 4382.62 2429 10786.7 286134 349.091
14408.4 4386.51 2430 10321.2 222640 349.425
14412.6 4395.04 2431 9123.62 244252 348.686
14409.5 4397.87 2432 9750.19 392690 343.615
14414 4387.46 2433 9746.67 301924 346.953
30968.1 31889.5 2441 8375.62 323259 325.309
30952.7 31881.3 2442 10021.2 257020 314.376
30962.5 31903.2 2443 10140 269717 333.184
17431.2 9689.26 2500 15293.7 329132 362.019
17441.4 9684.66 2501 13680.6 305174 353.922
16316 5770.96 2705 8597.38 201971 347.857
16306.8 5769.05 2706 8215.34 220187 343.511
20395.7 5142.28 2717 10721.5 231350 348.322
20395.8 5143.99 2718 12831.9 230463 345.266
20381.5 5146.8 2719 11547.8 230580 355.93
14421.5 4395.24 2727 9556.26 361975 348.706
22902.4 6939.85 2840 15746.5 315432 379.494
22901.7 6947.25 2841 21600.8 995253 380.734
22899.9 7007.4 2842 10321.9 584540 380.103
22905.6 6986.1 2843 12705.8 596025 383.317
22908 6946.96 2844 14032.2 292134 355.792
22895.7 6935.23 2845 12774.5 186050 356.698
22903.2 6940.45 2846 13830.9 390968 357.513
22910.7 6955.83 2847 12191.8 361030 355.56
22910.8 6947.9 2848 13905.9 471808 355.12
22895.3 6936.74 2850 12062.9 308719 349.029
22908.3 6939.32 2851 12489.6 332567 353.099
22906.6 6932.91 2852 12246.2 265601 354.836
22901 6937.29 2854 10570.9 249292 348.679
13214.6 13436 2855 8650.28 223387 341.908
22890.6 6938.53 2856 11237.8 280687 354.544
22913.2 6951.5 2857 8335.6 210036 358.684
22910.6 6947.74 2858 10071.8 336647 353.439
18956 9460.31 2865 8586.72 216123 338.071
18942.7 9447.63 2866 8923.83 216062 344.015
15683.3 9764.65 2873 9471.89 311456 393.71
15683.6 9748.36 2874 16663.8 646402 427.093
18897 3861.13 2887 11376.5 238444 354.554
10819.1 31413.5 2910 9062.02 154925 321.609
13416.3 15134.4 2928 10903.8 1.68943e+006 554.741
16848.4 11331.8 2957 10563.5 301410 351.813
16855.8 11339.5 2958 10206.7 301783 344.053
27059.1 2931.48 3003 9966.33 290254 368.901
27045.5 2925.96 3004 9895.82 323087 365.485
27056 2930.76 3005 12354.9 316591 379.91
27060.3 2915.94 3006 17619.6 285465 392.152
27063.7 2915.28 3007 17964.4 244474 393.111
27052.7 2922.32 3008 15230.4 353330 385.023
27063.6 2925.99 3009 13164.5 329876 366.417
27069 2921.65 3010 8251.86 291456 358.295
11857.8 8868.81 3026 8267.56 180489 322.964
11838.6 8862.18 3028 8896.4 194344 322.15
17590.6 12206.7 3035 12310.1 203232 371.354
17590.2 12211.6 3042 8725.13 238959 359.081
17592.4 12212.6 3049 9659.56 258620 367.379
21955 13990.3 3057 9674.14 290727 390.471
19738.7 3948.34 3079 8055.92 279170 352.438
19719 3947.92 3080 12941.6 329909 369.028
19726.6 3951.38 3081 14659.1 346224 362.925
19730.5 3945.17 3082 12648.8 244884 354.772
19735.1 3946.13 3083 9364.03 181464 349.573
18826.9 7720.83 3084 14818.1 274120 379.654
19729.2 3945.06 3084 13270.3 552274 350.533
18832 7716.31 3085 18627.2 479896 366.08
18828.6 7724.73 3086 23394.3 479242 371.611
19736.1 3945.1 3086 10962.3 225162 356.429
16118.4 1926.1 3091 9154.17 837780 443.977
16124.6 1940.9 3092 9350.24 781134 454.244
18221 10549 3132 10649 348467 382.33
18228.1 10541 3133 14323 486896 385.981
17895.7 16430.3 3134 26938.4 1.12353e+006 407.199
18234.9 10548.6 3134 15875.8 802028 406.756
17896.8 16435.3 3135 17322.1 517007 390.267
18229 10547.5 3135 11350.6 344469 370.948
17901.7 16428 3136 14625.3 543063 396.306
18214.1 10541.3 3136 13581.1 489627 387.666
17900 16431 3137 15890 565335 375.733
18218 10548.4 3137 12983.5 544520 398.972
17894.7 16425.6 3138 17885.9 730745 394.26
18228.8 10546.8 3138 11572.6 415200 402.348
17887.9 16436.3 3139 13782.9 307965 366.607
18224.2 10539.9 3140 13068.9 442607 392.89
17894.4 16431.2 3140 10624.1 350394 354.847
18216.5 10550.2 3142 10889.1 304319 373.251
18206.5 10541.3 3143 8354.81 247578 361.771
18218.8 10550.5 3144 11417.8 415221 384.022
18221.3 10539.4 3145 12015 440594 366.674
18221.4 10540.9 3146 10720.6 356016 370.678
18222.5 10537.1 3148 14356.5 671160 379.107
18235.3 10555.3 3149 9102.9 269369 365.587
18221.3 10548.6 3150 8943.65 293881 365.742
18214.2 10545.1 3151 16682 903439 385.383
17881.8 16430.9 3173 11965.9 657430 372.749
17877.2 16433.8 3174 11342.3 601214 374.703
17877.6 16434.2 3175 9236.76 424618 361.453
23684.5 32238.6 3179 8288.85 155778 330.99
22616.6 14059.8 3180 8699.91 370361 390.537
17901.3 16422.5 3183 18978.4 741402 384.031
17903.6 16429.2 3184 19275.6 1.27845e+006 377.887
17904.1 16435.4 3185 20285.6 651988 386.832
25821.4 30456.1 3185 9345.41 272248 355.006
17885.1 16428.4 3186 14948.8 490415 376.8
25830.5 30442.8 3186 10672 215186 354.302
17891.8 16433.1 3187 16697.2 735087 376.72
25828.2 30441.5 3187 11266.5 255240 361.997
17887.8 16430.8 3188 16402.8 664469 380.26
17898.6 16424.4 3189 16537.2 716357 396.555
17896.1 16431.3 3190 17942.3 799689 386.444
31724.1 31746.1 3194 8770.02 213553 323.154
31751.9 31734.1 3195 10334.6 197001 340.168
31760.7 31733.4 3196 9997.45 154100 332.994
31753.4 31736.3 3197 15024.4 191847 363.474
31751.4 31744.5 3198 13702.4 241924 342.138
31733.6 31735 3199 9783.5 195668 331.084
31751.5 31740.3 3202 10086 135614 338.052
31758.8 31737 3203 10438.6 226519 340.639
31756.7 31735.5 3204 12789.8 237504 337.653
31740 31738.9 3206 10020 190872 334.203
31749.8 31727.5 3207 15664.5 290480 341.848
31754 31742 3208 12146.6 157050 344.098
31746.8 31732.6 3209 8150.03 216420 330.244
31740.3 31742.3 3236 9753.85 153406 333.294
31759.2 31742.4 3237 10583.1 193933 336.945
31742.9 31742.1 3240 15373 246574 339.009
31745.9 31743.9 3241 12400.6 225429 335.028
18761.5 3765.11 3248 8117.49 152660 329.462
18777.8 3762.31 3249 8032.28 202916 334.177
18762.3 3749.62 3252 8334.42 217248 329.282
18765.3 3766.45 3253 8158.88 153684 330.286
18771.3 3769.49 3263 11185.3 197605 346.9
18757.4 3745.89 3264 10960.2 293854 330.288
18773.5 3754.82 3265 13009.7 331487 332.451
16833.1 17677.5 3277 10017 320331 358.394
16840.5 17671.7 3278 14351.8 410636 364.074
16844.3 17672 3279 13057.7 302563 361.48
18775.1 3753.91 3279 8168.6 168273 334.617
16858.2 17670.1 3280 14951.1 539343 394.447
16833.4 17677.2 3281 13991.6 425911 401.586
16841.3 17660.4 3282 9626.2 316007 391.835
16835.8 17681.4 3283 13583.7 492922 362.04
16837.3 17683.3 3284 14104.3 477071 381.531
16826.7 17670.3 3285 11742 206529 361.463
18762.1 3747.96 3288 8848.21 159347 339.396
19491.5 4056.55 3291 10513.8 198059 335.32
15697.2 9757.58 3299 8743.72 301606 361.103
15716.4 9750.03 3300 10427.4 472040 369.531
18224.9 12299.8 3301 9524.01 256448 376.063
15702.2 9758.07 3301 9186.02 328618 359.236
18231 12298 3302 17780.3 256433 376.233
15719.7 9753.24 3302 11121.5 454525 382.387
18218.1 12303.4 3303 10168.7 213787 351.721
15703.7 9769.15 3303 9460.74 360127 366.419
18221.4 12302.3 3304 13219.7 222103 356.216
15713.3 9759.86 3304 11252.8 367446 380.984
15715.8 9768.9 3305 11125.3 459443 370.579
15714.4 9749.75 3306 10887.2 392034 372.582
15715.3 9753.57 3307 8990.84 288224 367.047
15703.5 9756.45 3309 10659.8 421262 372.177
15698.5 9770.23 3310 9574.19 370282 366.656
15710.7 9744.37 3311 10579.8 584498 356.681
15708.1 9760.86 3312 12009.8 583732 371.418
15701.6 9766.52 3313 8550.32 286845 373.809
15721.4 9762.93 3314 9679.74 410042 370.061
15711.1 9750.9 3315 9554.6 486630 380.426
14153.9 9839.3 3316 9399.96 481353 414.933
14161.2 9831.8 3317 8708.64 469890 398.207
15715 9758.26 3317 9307.25 388364 382.099
25530.5 29956.2 3347 9382.73 236597 343.279
14822.6 12032.2 3396 9820.43 296540 351.234
18891.3 3871.37 3412 8251.55 147914 344.39
14381.8 12551.5 3464 11932.3 309925 394.2
14369.4 12546.6 3465 11217.9 310021 384.592
23682.5 32239.6 3474 8848.75 218259 330.614
24945.7 2025.27 3499 11232.8 429133 423.081
24938.5 2035.18 3500 10741.8 317879 430.408
24951 2015.95 3501 10672.2 630458 433.481
24926.7 2037.51 3502 12049.4 517127 432.655
24938.7 2045.27 3503 10690.2 509857 443.125
24941.6 2017.36 3504 8556.59 361103 418.576
24940.1 2036.87 3505 10756.8 344660 423.375
24937.6 2039.83 3506 11142.8 370311 425.908
24918.7 2033.7 3507 8997.67 322453 402.1
24917.1 2055.9 3508 10464.4 423915 407.182
23895 6678.34 3509 8481.06 1.3672e+006 523.016
23872 6696.48 3511 8018.42 1.39368e+006 527.582
24922.8 2042.68 3511 9288.24 300980 397.528
24922.4 2032.94 3512 8031.67 346044 398.577
30967.1 31878.8 3555 8417.03 210043 333.446
30957.7 31894.6 3556 9774.98 180765 325.421
30959.5 31894.8 3557 13707.8 245597 342.425
12949 11230.6 3558 14215 274620 361.957
30968.3 31888.6 3558 13146.2 208914 326.851
30970.4 31881.2 3559 12345.1 266929 335.558
30956.9 31899.2 3560 10569.3 259919 327.156
12949.4 11246.3 3562 8060.67 233689 359.149
12952.3 11231 3563 11340.2 191911 355.554
12954.2 11242.9 3564 10185.2 183981 355.442
13345.5 12903.2 3613 9620.57 312751 373.397
13343.5 12887.5 3614 9497.74 422321 391.684
13332.7 12895.9 3615 8170.54 394754 381.43
13350.2 12885.5 3616 8757.69 358167 378.404
13356.7 12896.6 3617 13032.1 548214 406.454
13351.1 12895 3618 11989.7 419567 409.274
18453.4 12946.6 3653 8171.9 351260 351.025
18448.9 12928.1 3654 9255.52 225869 349.192
23488.7 4787.26 3664 9671.92 246735 335.011
23484.9 4780.86 3665 20375.1 377825 345.75
23480.5 4787.28 3666 11065.2 211214 334.566
23483.7 4779.4 3667 10024.9 260622 329.242
9166.98 29802.8 3676 9239.58 318552 323.635
15709.4 9754.35 3680 11354.2 512218 368.057
24221.1 12711.9 3709 13059.9 314179 378.163
24236.8 12710.2 3710 10159.6 261367 369.953
16540.1 16363 3754 10810.5 204616 371.66
28881.8 27463.2 3769 22954.9 588800 325.485
28870.6 27459.8 3770 32898.8 1.18167e+006 340.268
28883 27451.3 3771 34735.3 1.66017e+006 322.009
28878.2 27462 3772 39020.8 2.03154e+006 324.257
28880.1 27458.3 3773 36045.3 1.78143e+006 331.905
28874 27452.7 3774 30719 863909 333.678
28881.1 27453.1 3775 10904.8 258732 318.634
25200.9 6036.42 3780 8514.18 175820 314.587
25201.2 6033.47 3788 8239.38 193678 318.895
25199 6023.95 3789 8178.35 171936 320.94
25198.6 6041.82 3790 8869.94 198665 326.479
16826.9 17669.1 3857 8966.16 310086 349.722
27056.2 2916.43 3858 11409.7 335311 392.037
27066 2932.83 3859 15251 572923 424.125
27061.6 2925.22 3860 13015.3 352696 406.231
27057.1 2918.5 3861 12903.1 379105 400.48
27059.1 2938.54 3866 9424.39 232941 358.643
27066.9 2928.66 3867 10263.9 178391 369.907
27057.2 2915.77 3868 12457.5 176878 376.153
27061.5 2923.2 3869 15590.1 409316 393.916
27058.3 2918.12 3870 13331.4 204521 370.333
27058.6 2927.38 3871 13966.8 356852 390.781
27055.2 2940.11 3872 10386.9 267758 372.027
27061.7 2936.14 3873 10172.9 224370 360.795
27055.9 2922.21 3874 10879.7 151884 368
27049.7 2930.58 3875 9994.56 237695 375.521
16454.5 10686.9 3888 20145.4 263859 372.613
16470.4 10676.3 3889 9596.12 127702 349.859
27495.3 27339 3910 10349.9 199932 393.424
25259.8 6121.09 3910 8222.99 278101 372.896
14004.2 12714.2 3918 10668.6 240144 368.958
13997.5 12719.1 3919 8434.8 214160 359.217
13998 12727.5 3920 10750 282845 362.287
14001.6 12710.8 3921 9377.85 140493 362.419
13996.6 12714.4 3922 9358.88 184028 353.285
20408.1 5158.07 4073 8534.56 263514 362.865
17920.5 14205.5 4084 8235.13 132287 364.14
17929.5 14228.5 4085 8807.76 213889 380.25
17918.9 14211.2 4087 8131.24 182728 363.681
23350.5 15259.1 4135 9135.73 213998 344.741
25434.8 526.423 4196 8360.85 338504 360.73
29987.9 28988.8 4265 10977.1 249399 378.718
29986.5 29010.5 4266 11045.9 179903 358.917
29986.8 29028.4 4267 10024.5 236061 363.397
29993.9 29013.5 4268 11232.3 316714 366.046
29992.3 29010.6 4269 11708.8 286352 365.051
29989.8 29018.7 4270 12629.3 247150 360.27
29984.1 29009.3 4271 10873.1 301513 363.713
29980.5 29015.2 4272 11840.2 303914 366.459
29999.5 29004.7 4273 9614.79 220257 352.128
20136.4 17163.4 4288 10955.3 276301 330.9
23485.1 4780.48 4369 15408.9 296122 335.977
23492 4776.16 4370 17964 333195 326.135
23473.9 4781.47 4371 9149.12 177178 321.805
26576.6 3141.18 4395 10548.4 231129 310.821
26577.3 3136.22 4396 8355.43 209866 311.221
26582.3 3129.36 4397 8161.43 191882 314.596
25532.6 10900.8 4497 10550.9 396803 353.808
24164.4 4793.37 4497 9792.01 138147 335.208
25538.1 10916.2 4498 13091.4 391106 364.772
25537 10903.6 4499 11485.2 362925 359.761
25533.6 10902.6 4500 11330.2 377627 367.626
25536 10905.6 4501 13606.1 272439 365.554
25529.2 10905.7 4502 10003.6 358640 352.953
25537.1 10904.8 4503 11328.1 394654 331.64
25542.9 10899.4 4504 8957.46 287961 349.91
25542.1 10902.8 4505 11945.1 327857 365.464
16130.6 17128.5 4505 8893.1 302194 349.222
25538.4 10912.2 4506 11993.2 440116 372.009
25530.5 10909.4 4507 8111.09 247179 339.822
25532.9 10898.8 4508 11984.8 356986 356.588
25542.2 10926.6 4509 9401 217346 348.583
13062.1 10022.5 4521 8032.38 149019 344.652
13054.2 10027.5 4523 8668.71 202540 352.749
13072.7 10025.8 4524 8206.05 213250 352.234
13059.5 10032.6 4525 8516.79 217278 358.16
13065.1 10037.3 4527 8504.48 187650 352.386
15065.4 4412.87 4549 9058.05 178755 326.591
15063.5 4414.93 4550 11544.5 203714 340.196
20137.8 11903.3 4636 13139.4 357745 327.346
20152.8 11908.7 4637 9029.81 193970 340.277
24162.5 4813.68 4662 8116.36 176887 332.365
24164.8 4799.94 4663 9667.56 270652 330.36
24163.7 4778.72 4664 8024.69 194450 329.384
24150.1 4796.9 4665 9599.67 173868 320.521
24156.7 4809.9 4666 8416.58 208691 342.392
24160.6 4796.17 4667 9609.04 211450 338.552
24152.5 4791.72 4669 8664.16 224186 327.766
24161.2 4790.39 4670 8835.73 152039 322.118
24163.3 4783.96 4671 10811.3 245262 327.359
24164.5 4780.36 4672 8779.85 131273 336.925
24164.5 4801.24 4673 9344.03 144660 339.121
24161.6 4779.54 4674 9481.15 179819 335.567
24155.5 4795.06 4675 10786.6 229143 329.925
23141.4 4628.56 4723 9749.47 303263 333.886
23129.6 4627.77 4724 18387.6 597315 340.244
23138.4 4620.39 4725 11284.1 272981 348.07
23125.4 4634.23 4726 9334.33 261752 332.349
23129.6 4625.23 4727 16079.1 569718 330.855
15694.7 9766.6 4791 14297 537079 394.268
15693.8 9741.42 4792 13571.9 367618 392.091
15699.9 9761.82 4793 11154.7 276936 387.011
15694.6 9758.21 4794 12487.8 376576 389.111
22726.5 7770.62 4810 9023.03 262562 334.802
22736 7791.43 4811 19897.3 461916 349.683
22737.2 7780.05 4812 20573 268430 341.121
22730.5 7775.63 4813 23064.4 574690 353.672
22741.5 7772.43 4814 20695.9 534246 340.535
22738.4 7778.23 4815 23530.4 341146 362.141
22737.9 7780.94 4816 29033.5 641364 353.554
22738.7 7776.3 4817 30865.6 497073 349.101
22736.8 7779.37 4818 17562.7 378054 341.838
22733 7779.91 4819 18771.8 318771 336.006
22738.6 7773.35 4820 19149.8 386723 346.817
22744.2 7777.76 4821 13724.4 344904 336.377
18062.6 10005.1 4826 8933.93 393623 414.547
29590.6 28799.6 4826 8062.72 239608 341.639
18062 10010.4 4827 8694.38 452012 408.586
29578.4 28783.3 4827 8143.63 268334 344.831
18072.3 10006.6 4828 9799.9 375994 420.193
29588.8 28785 4828 9560.73 392702 332.741
18062.8 10001.3 4829 8119.78 432457 401.792
29581.3 28776 4829 10164.8 473709 344.451
29585.8 28782.4 4831 8539.2 271053 344.078
18060 10008.8 4832 8304.22 336379 398.965
29608.7 28796.9 4833 8427.66 318573 340.998
29583.1 28784.6 4834 8281.59 324420 354.507
29583.9 28781.6 4835 8667.74 313520 345.39
29573.8 28779.6 4836 9230.8 221135 337.353
18071.4 10009.5 4838 8319.22 383846 385.609
14720 6072.26 4845 8239.47 189787 351.489
14709.6 6068.13 4846 8375.24 224398 342.046
18072 10008.1 4847 8034.49 295597 398.34
18072.5 10017.3 4848 8215.84 288454 393.091
14715.6 6070.32 4849 14137.1 439651 357.559
29571.4 28768.7 4849 13186.1 377891 354.925
14711.7 6078.58 4850 14082.8 347540 371.167
14716.3 6072.33 4851 17088.8 414955 368.614
14714.4 6072.92 4852 21003.5 700863 384.037
14711.3 6071.39 4853 21615.8 463861 392.433
14712.5 6068.25 4854 15418.5 383022 369.211
14722.6 6064.38 4855 14653 287683 366.493
14713.5 6062.86 4856 14988.1 344190 370.024
14718.1 6069.89 4857 21625.6 547590 392.601
18075.7 9987.6 4857 8325.42 298815 393.366
14709.3 6069.94 4858 19456 550893 379.826
21260.5 10632.4 4858 9073.89 284663 340.289
14717.4 6063.95 4859 16838.8 466635 366.939
14724.6 6061.04 4860 12094.9 315154 359.555
14719.9 6071.75 4861 11633 437704 359.189
14720 6060.83 4862 10937.3 202737 359.559
14706.6 6072.01 4863 9622.38 342397 356.622
14718.6 6082.28 4864 13308 275333 360.988
14722.4 6066.07 4865 10993 261427 356.286
22289.2 9846.25 4917 8847.49 265707 344.924
25227.2 12926.1 4960 9117.23 341788 378.764
13571.2 12532.7 4977 10359.7 447517 378.852
13561.3 12533 4978 10567.4 331419 367.178
22575.3 5531.26 4995 10709.9 348988 322.485
24765.6 6355.56 4996 9793.06 210624 348.423
22583.7 5514.5 4996 8728.43 202785 332.242
22573.1 5520.77 4997 11557.9 311092 331.018
22566.4 5518.72 4998 11309.4 295479 342.034
14021.1 14746.4 5009 8366.77 239927 346.868
14007.6 14759.6 5011 8504.19 214795 330.926
24823.6 13176.9 5011 8052.29 204616 326.396
18940.3 628.469 5023 10743.7 253104 328.507
18943.2 635.419 5026 9164.12 178324 325.022
18943.9 650.085 5027 8329.2 189930 328.687
18936.3 647.663 5029 8035.39 184169 316.606
18955.6 631.326 5036 9382.8 158223 316.893
8212.92 22909.3 5066 69464.9 2.18073e+008 0.0216866
25245 12949.9 5073 9526.55 450258 378.497
17905.5 16422 5108 8280.3 290873 370.029
19499.6 4064.94 5227 11430.8 219535 327.963
19503.7 4074.75 5228 10645.2 217656 335.116
18958.3 644.414 5229 8960.62 133220 329.739
18949.9 629.577 5231 8741.08 247948 328.534
18953.3 635.974 5237 8116.08 210883 325.588
22108 12368.1 5239 14458.5 259915 349.194
22110.9 12373.6 5240 9611.74 162270 329.646
28872.8 27465 5265 17207 544225 327.661
28882 27462.7 5266 8642.25 150736 329.568
28886.1 27449.3 5267 13095.1 278979 334.825
28878.2 27453.4 5268 10100.3 240792 323.759
18936.2 628.586 5312 8247.08 212022 317.755
13132.3 6861.17 5446 9277.72 296600 333.641
13125.2 6865.75 5447 8589.54 182415 336.408
13129.9 6866.15 5449 10877.5 310866 333.565
13127.3 6880.39 5450 12007.4 252234 332.706
13128.2 6846.69 5451 10030.9 216655 343.612
3152.49 31825.7 5473 9004.06 242026 314.455
3150.35 31819.7 5475 8149.64 191028 323.566
20959.9 6245.52 5476 8898.51 313195 377.792
20950.7 6243.83 5477 9007.05 418665 379.396
20983.3 6258.44 5480 8358.88 304646 374.128
12951.2 11234.5 5497 16025.9 283130 375.914
12950.8 11226.6 5498 17327.5 369928 376.914
12963.4 11233.1 5499 17769.2 390520 380.251
12973.3 11239.7 5500 10882 252914 361.613
12955.9 11228 5504 12705.8 200300 372.011
12945.2 11237.6 5505 12412.6 378972 362.062
20951.1 6253.13 5507 8797.13 299974 371.657
12970.4 11241.3 5507 8584.11 184914 345.358
20977.9 6258.33 5522 8595.71 284019 374.569
20976 6255.07 5526 8282.63 263340 377.124
20968.6 6245.17 5527 8642.68 298866 361.705
20965.9 6243.9 5528 8627.34 334197 356.906
20961.1 6259.31 5529 8733.21 210313 359.703
20976.5 6244.94 5530 8787.66 283221 363.763
20957.1 6248.31 5532 8615.92 265203 370.865
17536 8078.55 5538 8644.59 218022 361.361
20969.4 6251.58 5552 9276.21 338335 405.021
20981.6 6248.04 5553 9149.23 295792 420.137
20971.7 6252.31 5554 9268.49 399033 401.254
20969.3 6242.7 5558 10759.9 354079 412.947
20969.8 6254.52 5561 8389.87 198781 390.92
22564.8 5514.76 5566 9222.81 271915 323.815
22563.6 5500.5 5567 10143.7 239896 334.297
20980.4 6256.93 5568 8425.32 293183 371.479
20955 6253 5569 8713.71 246159 370.752
20959.7 6252.94 5570 9210.97 318122 377.996
20967.6 6257.31 5571 8116.48 224021 378.377
20951.9 6257.66 5572 8238.79 310494 377.598
20960.2 6250.91 5573 8893.41 245320 366.191
20958.3 6251.2 5575 9623.59 306224 366.835
20968.1 6259.78 5576 8350.74 193198 368.863
20967 6255.12 5577 9883.47 317685 386.159
20968.4 6271.31 5583 8255.47 229913 377.886
20954.6 6253.72 5584 8946.47 259596 369.732
25722.8 11102.5 5592 12955.4 290626 340.703
20959.9 6233.83 5592 8141.65 253980 356.348
25734.8 11104.1 5593 9094.76 159264 330.023
25724.4 11101.5 5594 8577.18 153922 335.267
25711.1 11114.1 5596 8867.71 245591 334.96
20986.5 6264.69 5597 11078.2 499819 370.101
25700.6 11108.4 5597 11046.6 294536 316.575
20973.6 6238.19 5598 10268 350389 381.689
25710.2 11106.3 5598 10348.2 182927 333.079
20973 6255.28 5599 9148.8 333389 401.535
25714.1 11097.2 5599 9993.55 275525 339.457
20964.4 6242.45 5618 8863.74 313986 380.092
20980.1 6270.07 5652 8169.05 308356 369.329
20977.1 6249.32 5654 8246.76 322423 372.186
20958.5 6241.94 5687 8062.38 214524 374.609
20963.5 6248.94 5756 8609.91 331887 369.576
20963.6 6252.35 5757 8345.74 279742 371.909
16796 17547.2 5758 9294.22 143987 336.108
20953.3 6263.08 5759 8099.86 268041 362.556
20944.8 6255.28 5760 9404.08 306874 385.377
20972.5 6261.29 5761 8320.45 254528 371.046
14212.7 9917.81 5762 9283.07 152607 325.449
23901.2 6248.77 5803 8915.79 497392 416.24
20121.8 17159.4 5967 11248.2 288088 336.667
20120.7 17158.8 5968 14911.8 351902 345.667
20123 17165.3 5969 12683.8 405100 348.573
20120.5 17171.5 5971 9360.22 330992 339.172
20125.7 17156.7 5973 15250.4 298119 334.634
20114.8 17161.6 5974 8936.64 290406 326.768
18632.2 12373.1 5999 8248.05 221719 334.358
18623.5 12363.8 6000 8787.6 214325 339.082
18618.3 12371 6001 8280.33 187457 336.085
20300.8 4274.74 6022 8409.58 128007 322.405
28871.3 27449.9 6026 11232.2 330214 321.574
28876.6 27447.3 6027 9274.98 179796 322.807
25451.4 554.975 6089 8319.22 349060 358.846
19731.8 3939.42 6093 12414.1 432956 339.715
25900 11717 6104 8493.8 253100 382.701
25885.5 11720.5 6105 8219.11 286508 386.604
25901.4 11703.3 6106 8195.71 244722 390.405
26728.7 5303.26 6109 8323.22 214993 328.188
26711.8 5289.03 6115 8075.04 154678 327.894
26723.6 5291.83 6117 8235.85 203805 333.388
13217 13434.6 6128 12177.8 253940 341.979
13054.1 10027.2 6128 8758.71 181320 363.594
13205.3 13438 6129 14482.6 381696 347.329
26711.1 5294.83 6130 8177.3 258895 323.538
26695.5 5293.68 6131 8214.5 244717 329.755
13075 10023.5 6132 10012.9 188800 373.561
13053.4 10025.5 6133 8941.17 269358 377.622
16449 12874.6 6136 11536.9 262359 358.997
16461.3 12879.6 6138 10398.7 171741 350.38
16462.1 12865.2 6139 10518.4 248556 352.179
16476.3 12867.3 6140 12884.7 200789 359.611
16466.7 12866.6 6141 8003.58 181008 344.949
17534 8061.96 6144 17421.3 667404 374.837
17528.7 8070.66 6145 27880.4 870597 418.216
17534.6 8067.03 6146 24450.2 764940 390.28
13543.3 15970.4 6167 8475.69 222586 362.624
22578.1 5519.5 6270 25532.7 1.02626e+006 329.442
22581.2 5517.5 6271 21926.2 710416 336.009
20314.4 16824.6 6276 11853 217446 347.295
20322.1 16823.9 6277 14683.4 273387 351.09
20323.1 16813.4 6279 14713.7 251132 357.465
15262 3827.56 6298 9169.3 415659 332.291
25847.7 30438.2 6325 8016.36 226846 350.563
25831.8 30448.7 6326 8819.63 207453 364.747
25415.7 12088 6339 8068.92 167373 337.649
22535.7 4800.4 6378 8113.87 156267 325.833
29692.5 28577.7 6400 9326.9 203301 327.429
29693.3 28565.6 6401 9041.61 221910 322.182
29686.9 28583.7 6402 9580.46 205000 318.572
16466.4 12876.7 6437 10837 166752 363.723
16451.3 12867.6 6438 16045.8 393579 354.663
16475.7 12866.2 6439 10493.6 206776 353.594
17919.8 14197.3 6463 11079.3 207693 355.395
17914.8 14208.4 6464 10290.6 206984 363.226
17921.6 14208.9 6465 10839.5 194569 357.67
17914.1 14195.1 6466 10595.3 238496 362.161
17912.3 14202.1 6467 12231 196521 356.967
17920.3 14215.3 6468 13322.9 247795 361.316
17912.2 14197.7 6469 11705.9 135845 359.056
17915.8 14223.9 6470 8570.89 111975 349.844
17919.8 14216.1 6471 9980.97 152359 346.02
17913.7 14203.5 6472 10834.9 240306 356.539
17926.1 14194.1 6474 10870.4 285253 358.704
17909.4 14208.7 6475 12346.5 180976 352.856
17910.3 14199.9 6476 11030.6 189635 347.623
17922.8 14215.7 6477 10319.8 186628 356.178
17933.3 14210.2 6478 11074.5 157235 358.341
17924.4 14214.5 6479 9118.45 199971 347.269
17918.3 14215.5 6480 11234.5 170115 352.616
17911.7 14201.3 6481 9726.85 256658 350.168
17925.4 14209.5 6482 9828.15 153671 355.727
22886 7253.37 6518 11679.4 237341 343.058
21970.2 14006.3 6605 8809.74 277183 405.254
21953.3 13989.3 6606 8259.42 309063 397.421
21963 14007.4 6607 8169.28 252661 399.102
21957.5 13975.6 6608 8229.94 288032 386.061
20316 16848.2 6666 9307.69 264323 321.729
20324.2 16824 6667 8604.84 218149 344.469
1690.42 15997.6 6683 9688.97 185103 326.679
1686.57 16011.9 6684 12335.8 150344 343.226
1695.42 16014.5 6685 13042.7 282783 342.263
1695.93 16007.6 6686 12366.9 181026 342.507
1682.89 16002.2 6687 11728.5 260405 349.909
1694.89 16001.3 6688 9081.19 275983 337.251
16990 4492.29 6723 8135.64 675656 466.928
18109.2 2625.96 6728 10651.7 273050 358.396
18106.5 2612.09 6729 10492 394891 373.071
18094.5 2608.69 6730 10925.8 469017 392.239
18098.8 2605.6 6731 14119.3 734337 377.866
29984.4 29008.3 6745 9121.95 198742 358.046
25222.5 12934 6771 8673.19 299822 368.223
20336.1 14196.2 6833 8658.04 223940 389.123
15505.2 11058.7 6868 10091.5 275117 338.576
25708.4 11104.9 7041 10512.7 177795 329.371
23310 453.081 7041 9033.4 184084 325.024
25723.4 11100.5 7042 11394.3 223141 324.205
23330 463.829 7042 8385.15 154264 323.202
16473.8 12872.9 7047 9610.04 178828 349.842
17443.1 9694.11 7063 10678.6 206977 345.243
17444.4 9703.91 7064 10036.9 336616 339.964
17444.7 9696.49 7065 10147.6 199929 351.873
17442.6 9692.34 7066 10552.3 281341 343.833
17448.5 9688.18 7067 9420.19 191799 348.906
17464.9 9697.42 7068 9713.31 191720 351.954
17446.7 9687.08 7069 9555.22 220339 346.994
17435.6 9693.22 7070 11533.6 234637 356.013
17444.1 9695 7071 10058.4 257041 365.342
17450 9674.79 7072 9596.6 198342 354.846
17451.7 9687.48 7073 11985.4 207328 350.156
17449.9 9689.59 7074 9701.44 234752 354.205
16559.8 16376.1 7171 10896.4 232568 379.511
20312.9 3549.37 7265 8436.31 158177 328.646
20309.8 3546.46 7266 9191.12 156280 322.085
18841.8 7728.16 7307 22706.2 586486 353.969
18844.3 7711.3 7308 10906.8 208892 333.741
15502.9 4728.47 7322 11764.6 383485 320.357
25451.5 557.187 7350 8654.96 193574 335.323
29677.9 28568.6 7359 11308.8 219184 332.061
29677.6 28580.9 7360 14753.9 348749 324.862
29676.5 28578.7 7361 14476.1 168176 334.971
29688.7 28580.8 7362 10356.9 196598 320.224
14003.7 12720.5 7491 9681.46 262192 365.358
14007.5 12731.3 7492 8926.42 249520 368.981
28873 27450.1 7527 18171.2 279037 347.532
18574.9 15557.8 7527 9343.03 343811 331.725
28873.1 27449.9 7528 18727.8 232650 351.749
18581.2 15561 7528 8786.79 304951 353.731
28880.4 27463.3 7529 15428.3 286116 340.29
28868.9 27464.5 7530 16882.7 264740 356.341
20973.6 6256.21 7530 8417.67 231598 349.017
16880.7 11329.4 7534 10171.5 358348 342.139
16868.5 11319.6 7535 10526.7 209729 344.541
16872.3 11313.3 7536 9561.68 226367 344.226
20964 6247.81 7540 8168.17 247511 362.241
20974.7 6240.29 7541 8044.77 191290 353.087
13571.2 12536.1 7542 8199.85 210310 351.776
15276.5 3833.28 7543 17470.2 676520 334.586
15262.5 3837.03 7544 13256.7 371990 339.303
13576.1 12549.2 7547 9254.75 282432 360.132
20942.2 6252.25 7549 8001.04 217939 355.008
26414.4 10410.9 7553 9397.04 253460 344.802
20953.2 6260.59 7553 8297.18 256959 370.854
26430.3 10399.8 7554 11290.6 300211 342.733
26437.1 10411.8 7555 10137.5 230726 342.222
23982.4 12330.2 7566 14543 770097 358.513
24001.4 12336 7567 12636.4 534069 351.905
23998.5 12332.1 7568 11420.2 444359 349.483
23978.8 12343.1 7569 13291.7 608608 350.066
23983.5 12329.7 7570 12444.5 530876 347.757
23979.6 12330.1 7571 10971.4 462248 354.084
23996.1 12336.7 7572 11765.5 410687 352.991
23980.6 12335.5 7573 11818.6 483196 350.525
23996 12322.2 7574 14910.5 741640 362.595
23995 12341.9 7575 13059.6 414015 354.637
23998.4 12329 7576 14128.9 690536 343.112
23992.7 12331.5 7577 9003.69 338232 347.884
23979.9 12324.6 7578 11137.5 473745 359.196
23993.3 12327.3 7579 14368.3 553074 357.249
23980.9 12329.2 7580 11026.5 320072 344.299
23996.9 12331 7581 12616.2 508494 358.562
23976.4 12331.2 7582 13164.8 590665 349.924
23979.9 12333.8 7583 14338.8 564996 361.286
23984.8 12335.7 7584 10933.5 468114 351.97
23993 12342 7585 13709.3 562846 343.575
24014.8 12336.4 7586 13284.1 710996 330.179
24018.4 12337.5 7587 10033 278382 345.086
24020.8 12336.7 7588 11367.3 493153 350.952
24014.6 12332.1 7589 11404.4 480917 338.572
24015.5 12340.3 7590 10556.6 377031 328.558
24017.8 12340.4 7591 9941.18 412658 327.417
24013.3 12334.3 7592 12192.5 458012 342.65
24023.6 12335.8 7593 13115 393639 342.849
24008.6 12334.9 7594 10626.5 270575 337.769
24023.4 12333.5 7595 9567.21 448226 338.139
22700.3 8940.13 7606 8646.58 205404 326.77
16870.7 11338.9 7607 8359.23 195332 328.241
22684.2 8937.88 7609 8008.16 205077 325.485
25138 8575.18 7610 10777.7 159016 345.989
22689.6 8940.16 7610 8050.24 208969 330.082
25138.7 8566.81 7611 10098.5 148048 347.293
25126 8571.95 7612 10311.9 155369 338.708
25131.3 8569.76 7613 9327.01 247582 348.095
26429.8 10410.3 7709 10793.2 407865 335.159
13948.3 31740.4 7716 8318.16 216046 362.901
23127.9 4620.4 7732 8205.63 139549 325.577
23141.8 4621.08 7733 8478.44 259666 328.827
23152 4629.57 7736 8548.15 222453 349.066
15960.3 3695.26 7785 8556.69 159750 319.318
12346.6 10951.4 7866 15824.5 402081 353.894
15267.3 3840.6 7940 18682 738155 342.353
15265 3835.79 7941 17627.5 589113 347.913
15268.8 3833.43 7942 17765.8 593582 362.967
25926.5 6555.22 8051 8058.38 184305 329.92
25915.3 6569.67 8053 8373.92 157445 327.548
26481.7 2674.04 8061 8118.9 151014 318.757
26497.4 2679.9 8062 8142.08 128570 305.245
26496.7 2675.66 8064 8690.95 160617 318.996
22561 5511.1 8085 8831.94 290717 329.302
31752.5 31757.9 8101 8168.85 176732 331.987
14324.8 15608.7 8108 8782.95 176867 364.969
14332.9 15597.4 8109 11430.1 229458 372.335
14317 15585.9 8110 11938.3 292229 380.662
14320.9 15597.6 8111 11768.3 202790 377.239
13822.4 9070.77 8114 9106.26 296202 398.129
13820.4 9069.17 8116 10989.3 429842 400.923
13823.6 9089.61 8117 10506.4 430662 419.045
13810.7 9066.84 8118 8142.04 323732 389.531
26094.7 4203.96 8148 8102.64 175387 356.495
26089.3 4207.05 8152 8585.93 167955 355.168
26071.5 4203.25 8156 8097.45 238078 380.225
26089.5 4195.58 8157 8143.48 283255 358.498
29684 28567.4 8180 9967.51 220525 333.081
18565.8 15574.6 8227 9184.77 150064 336.099
18573.4 15563 8228 24780.1 719199 355.241
18573.8 15569.7 8229 12707.8 310829 344.904
18574.2 15557.9 8230 12916.5 288323 333.67
18576.1 15559.8 8231 18156.3 475653 355.804
18575.4 15557.9 8232 8503.34 240167 334.594
18565 15567 8233 16876.8 578259 341.965
18573.2 15564.4 8234 21356 600583 363.47
18567.4 15571.6 8235 13168.8 299051 345.416
18570.2 15567 8236 18624.2 360811 344.543
18572.7 15565.1 8237 29803.8 800150 376.92
18569.4 15560.9 8238 25063.1 759185 354.395
18580.1 15566.9 8239 21109.7 652445 346.275
18558.7 15574.7 8240 18895.2 392659 351.569
18572.8 15572.1 8241 15290.4 344356 341.014
18571.1 15567.8 8242 17995.2 482959 345.441
18577.6 15561.7 8243 13434.9 226496 341.557
18568.4 15571.5 8244 14837.7 423325 334.898
18567 15559.4 8245 8553.36 205862 328.354
14978.1 4977.83 8260 8018.05 135747 333.147
13418.9 4811.32 8272 8310.3 262064 335.345
16614.4 4271.98 8365 8605.58 212994 345.672
16613.8 4283.27 8366 9147.56 288032 339.989
26695.5 9577.85 8374 12919.2 275560 347.601
25226.5 12922.2 8391 9072.76 297472 360.482
25240.2 12927.2 8392 8130.74 292985 371.951
25231.8 12937.3 8393 8869.06 335467 351.151
13317 10552.6 8599 11546.2 301870 338.261
13326.8 10561.3 8600 11434.2 295562 335.164
23311.9 469.403 8689 9009.96 171679 338.96
23318.4 461.029 8690 9477.05 196045 327.258
29582.3 28768.1 8721 17921 662821 350.383
29581.4 28767.4 8722 20008.4 819498 343.202
29581.6 28769.7 8723 14564.4 552206 327.26
29589.4 28769.9 8724 16862 864977 337.353
29576 28778 8725 20551.5 503176 340.892
29583.7 28765.3 8726 23952.3 981562 357.647
29582.3 28759.3 8727 17860.4 902728 334.809
29579.9 28772.6 8728 16623.3 699500 344.351
29588.9 28770.2 8729 18530.1 1.01637e+006 330.636
29579.4 28769.5 8730 19741.6 716078 340.31
29579.8 28764.7 8731 8092.52 253197 341.365
11561 6578.12 8739 8925.66 176175 348.413
11561.8 6577.86 8740 8200.41 336155 380.858
11559.2 6584.05 8741 8491.68 216210 367.89
11550.5 6589.91 8744 8842.41 272973 358.515
14227.9 9905.64 8748 11340 170788 330.241
14211.5 9913.25 8749 14870.1 230956 345.357
14205 9908.36 8750 13039.7 315783 343.546
14219 9910.59 8751 10797.4 216474 331.969
14229.3 9912.58 8752 12046.4 220368 333.05
14211 9922.5 8753 8940.91 198610 326.796
24169.8 4788.95 8764 11549.7 208208 331.895
28873.7 27442.2 8810 8257.23 204955 316.693
28893.7 27441.5 8811 11144.2 258874 320.336
28874.7 27448.6 8812 11991.5 253132 320.928
17333.7 15318.3 8814 12925.5 405414 340.082
17323.2 15325.1 8815 21857 1.02765e+006 348.356
17328.1 15317.5 8816 29578.9 1.95275e+006 362.037
17337.8 15322 8817 9947.74 479169 338.441
17334.6 15316.5 8818 17600.4 760891 350.815
17334.9 15311.3 8819 11484.4 594151 343.133
17326.7 15315.5 8820 8358.8 371468 329.154
17334.8 15319.3 8821 13369.2 489255 343.193
17342.3 15324.4 8822 11688.4 527039 343.63
17330 15316.3 8823 16878.6 765262 352.599
17327.8 15308.3 8825 9061.42 324400 340.3
17334.3 15326.4 8826 13363.8 436741 352.506
17331.5 15321.1 8827 19641.4 1.00468e+006 354
17332.4 15316.6 8828 21569.9 1.34708e+006 365.018
16838.7 17676 8860 8579.61 236491 330.869
16834.2 17678.2 8861 8291.54 156334 334.78
16832.7 17668.6 8862 15015.1 319392 349.789
14319.7 15616.6 8873 12018.8 214182 390.136
14304.8 15634.5 8874 10328.8 240297 375.587
14314.5 15603.7 8875 11543.3 213201 371.088
14315.3 15596.7 8876 12622.7 252431 367.442
14304.2 15615.3 8877 9722.13 311643 374.887
29977.8 29014.8 8917 8564.21 199178 353.076
29969.8 29012.4 8918 16987.2 300871 358.657
29953.9 28989.4 8919 8651.23 206458 351.257
13573.5 12530.5 8939 10241.9 363881 350.724
22887.5 7266.94 8948 10974 260446 335.962
22896.7 7258.57 8949 10993.7 236872 350.062
14008.3 12040.2 8950 11966.9 192368 355.174
22897.9 7256.48 8950 8808.28 145056 333.651
14013.6 12054.2 8951 11805.8 534426 360.051
22896.9 7242.3 8951 10321.8 195898 337.801
22875.4 7244.07 8952 9517.72 180526 341.537
14023.4 12046.6 8952 9819.55 292528 338.922
14024.8 12051.7 8953 10228.1 235488 345.725
22889.3 7256.57 8953 9855.78 137483 345.958
14022.8 12049 8954 10340.4 324980 348.146
14028.9 12056.3 8955 10544.6 349338 350.195
14018.2 12051.4 8956 10504.8 452097 355.216
14025.7 12045.9 8957 12144 440787 354.165
14018.9 12048.2 8958 9939.15 369386 339.137
14009.5 12059.7 8959 10669.7 239573 357.348
14013.2 12059 8960 9996.8 543486 335.523
14018.1 12059.1 8961 8083.33 261269 340.642
14022.2 12050.6 8962 9721.36 191483 353.441
14015.9 12049.5 8963 10060.6 302353 346.05
14012.2 12046.6 8964 10231.5 308786 343.996
14004.5 12055.2 8965 11659 323683 345.494
14023.5 12057.5 8966 9095.29 247397 349.497
22629.8 14055.1 8975 9886.65 182385 362.453
24165.9 4783.7 8999 11145.3 251684 319.517
24164.9 4806.86 9000 11078 150365 321.81
24183.5 4786.53 9001 9873.61 153724 326.196
24170.8 4799.01 9002 9075.76 143181 328.813
24169.7 4806.47 9003 10592.1 294776 329.163
24171.6 4785.75 9004 10717.7 230705 338.148
24158.6 4792.71 9005 8211.49 118503 316.952
16909.9 4356.98 9053 11635.1 420552 371.704
16900.4 4358.13 9054 13046.1 266952 388.184
16885.1 4346.25 9055 11943.5 399889 375.959
16894.7 4360.81 9056 12921.6 381157 373.938
16887 4359.44 9057 13549.4 294888 379.38
16893.4 4352.71 9058 13062.1 404241 381.196
16889.4 4354.18 9059 12702.4 426807 363.769
16895.8 4355.48 9060 13404.9 450278 382.12
16895.9 4348.83 9061 12206.6 395645 384.033
16891.1 4347.52 9062 13007.1 334777 383.074
16898.1 4353.77 9063 12816.6 517910 372.622
16891.7 4355.43 9064 9054.63 335148 359.118
16919.4 4341.59 9065 10875.5 311585 368.398
16905.5 4354.28 9066 10059 263864 369.692
3225.82 30796.9 9070 8907.31 258955 316.383
3222.77 30810.4 9072 8070.54 238930 323.955
3218.39 30797 9073 9141.38 264119 329.303
3212.22 30808.1 9076 8447.18 292211 316.402
18068.9 2605.78 9077 8608.39 322282 357.213
18079.7 2616.24 9078 10363.4 365569 351.025
21247.3 10721 9090 8188.65 223801 358.743
15697.9 9763.86 9091 10310.2 299835 366.369
25376 7226.65 9100 8175.54 294518 322.213
21232.5 10702.3 9101 8102.97 270319 371.502
11560.6 6572.39 9198 8703.88 229198 382.364
16401 29494.7 9204 8064.71 184259 331.521
31762.3 31752.1 9204 8323.49 199500 317.784
16830.8 17673.8 9213 14854.5 351877 338.527
16838.9 17675.3 9214 13097.1 353855 329.616
16837.3 17676.5 9216 9472.23 251921 333.001
16829.5 17673 9217 8666.31 181615 330.334
16838.9 17682.9 9224 12750.3 373411 339.953
3226.32 30806.4 9226 10002.5 262688 316.449
3224.29 30807.5 9227 12155.2 549816 320.768
26797.8 3110.6 9234 14449.2 180084 347.313
18999.2 10939.2 9239 8379.24 270564 345.203
16411.2 29495.6 9283 8008.75 177275 336.964
28877.5 27451 9314 10957.8 216726 340.223
28862.8 27452.6 9315 20762.5 480934 350.12
28873.9 27446.9 9316 17079.6 368357 336.227
28873.5 27454.8 9317 15935.2 330239 346.281
28874.3 27455.2 9318 17703.8 328876 348.056
28877.8 27444.9 9319 19559.7 320069 341.71
28865.4 27456.3 9320 15862.8 315128 352.895
28871.8 27453.9 9321 14528.8 241627 334.428
28868.8 27452.3 9322 16595.7 282561 341.944
21938.9 14001.3 9322 8438.51 336958 390.441
28875.3 27445.9 9323 19514.4 441208 336.29
21961 13999.9 9323 8386.69 259520 401.708
28881.3 27451.1 9324 17837.3 396332 335.642
21948.9 13962.3 9324 8279.07 307172 399.739
28872.7 27462.8 9325 13319.8 187992 333.68
28869.7 27445.5 9326 18681.1 359933 346.557
28876.4 27444.4 9327 20330.5 281262 358.314
28877.1 27444.7 9328 25407 471833 357.408
28870 27448.7 9329 17728.4 347150 339.539
24259 5663.58 9351 11228.1 339700 376.229
24254.4 5657.35 9352 8981.53 194821 360.731
24255.8 5671.92 9353 8994.92 244296 380.806
24268.6 5676.19 9354 9611.77 211140 355.7
24243.5 5642.65 9355 8512.06 212971 349.523
24247.7 5658.76 9356 12038.5 202924 363.835
24248.2 5668.73 9357 11079.6 247618 371.1
24254.5 5647.81 9358 8605.02 225516 368.747
24265.4 5646.59 9359 9070.11 215047 360.248
24258.9 5661.36 9360 10900.2 268559 367.405
24249.8 5661.26 9361 10518.3 207857 360.458
16411.1 29498.4 9373 11278.8 420185 321.902
28218.7 14880.6 9411 8080.8 253196 324.048
25358.8 9699.55 9438 17730.2 442547 379.942
25350.1 9694.3 9439 22862.5 493623 411.928
25366 9703.27 9440 21157.1 266293 391.38
25360.2 9680.39 9441 9279.32 266674 366.75
17452.6 9694.84 9484 11287.5 270365 347.858
17440.1 9693.27 9485 11345.5 238320 364.502
25536.1 10894.3 9547 13546 385958 338.034
25300.8 6957.08 9596 14172.1 276049 320.162
14212.9 9896.54 9601 9529.01 184028 332.747
14215.9 9907.43 9602 9306.21 206493 337.224
14223.9 9891.31 9603 8225.1 149340 333.811
23131 4621.03 9610 8377.69 204995 328.21
23138.5 4614.2 9613 8003.44 168532 327.892
14803.5 12828.4 9621 8300.12 602646 441.589
25510.4 11191.7 9636 10604.2 306116 378.326
25520.7 11194.5 9637 12382.9 439481 411.177
22905.8 6939.46 9666 13299.1 264409 347.144
22897.3 6939.55 9667 13135.2 304081 330.915
22906.6 6946.34 9668 8544.55 219779 327.279
22899 6941.18 9669 8468.01 128484 331.381
22901.8 6941.07 9672 13572.6 272486 345.39
22905.4 6943.86 9673 13467.7 267831 334.645
22894.5 6955.92 9674 14098.2 367316 330.907
18414.6 12947.8 9714 8691.65 338778 374.127
18423.5 12962.5 9719 8813.54 274532 362.395
18410.2 12947.4 9722 10905.5 407852 361.555
15548.7 16164.7 9723 8507.33 244182 342.325
18411.3 12946.3 9724 12095.5 327037 373.124
13419.3 15129 9733 10167.2 479084 426.981
13417.9 15136.3 9734 12518.8 943378 460.887
13424.7 15113.6 9735 12077.1 746608 435.156
13418 15139.9 9736 13999.3 743575 434.672
13426.6 15147.2 9737 11917.2 836939 462.659
13435.6 15117.2 9739 9399.73 452920 405.754
13422.8 15127.7 9740 13469.5 712048 445.039
13411.8 15125 9741 11419.1 679903 455.729
13412 15135.8 9742 11310.2 656697 441.948
13436.8 15146.9 9743 11704.4 694922 451.334
22567.4 5522.51 9743 8205.34 212680 312.386
13572.1 15985.6 9781 9125.05 298262 376.497
11848 8849.09 9825 11277 226319 333.064
11854.6 8870.41 9826 9198.12 170943 336.179
11859.5 8857.81 9827 9463.57 229152 323.09
11857.4 8854.46 9828 9424.2 152107 328.7
11851.6 8861.34 9829 9837.71 167219 340.375
11858.4 8860.04 9830 10157.9 187897 330.733
11870.5 8876.52 9831 9222.22 153999 328.145
11859.8 8864.14 9832 9476.93 221868 326.669
11849.3 8867.58 9833 11684 213764 327.72
11857.4 8857.24 9834 10710.8 181558 323.957
11861.3 8864.64 9835 8839.64 185488 337.388
11846 8856.08 9836 9419.54 149006 324.407
11855.5 8858.72 9837 9197.15 131373 338.415
11863.5 8866.02 9838 9313.73 206331 341.079
11843.4 8866.06 9839 9039.77 168398 333.936
11847.7 8872.01 9841 8827.05 173685 332.935
22427.8 5014.23 9961 9203.65 219920 341.872
22429.8 4990.31 9962 9960.44 194494 349.321
22431.1 4997.43 9963 10915.8 236209 348.241
22430.9 4981.67 9964 10536.8 208587 346.243
28885.1 27452.6 10128 8521.19 219215 320.192
28883.1 27462.6 10129 10876.4 250592 325.948
28881 27464.6 10130 9925.83 208837 319.096
28877.1 27461.1 10132 9225.02 285471 324.304
28872.1 27454.1 10219 10643.1 239299 334.873
28880.1 27454.5 10220 22439.8 350735 342.277
28872.7 27454.5 10221 14324 246066 337.37
21186.8 17024 10224 8118.89 247974 325.495
18768.2 3768.79 10225 8251.11 208307 331.125
21195.4 16999.1 10226 8275.72 214283 313.04
21175.1 17003.3 10227 9277.08 169739 328.494
21187.9 17017.3 10228 8840.51 223101 324.698
14028.2 14750 10233 8646.96 204400 329.19
14319.4 15602.5 10306 10454.1 295192 360.291
14326.8 15597.6 10307 11640.6 428535 375.813
14327.3 15590.7 10308 10884.1 311800 374.64
14326.8 15590 10309 10473.4 320236 383.419
14332.2 15602.6 10310 13439.9 319286 367.771
14320.8 15584.7 10311 10746.7 281959 385.153
14303.2 15596.5 10312 9723.86 295853 366.374
19621.9 12961.6 10357 8057.44 225879 339.83
25299.9 6948.07 10415 10181.6 331733 321.869
25305.8 6952.1 10416 12961.8 457771 324.851
25305.3 6953.76 10417 12230.3 184566 323.9
25301.6 6954.28 10418 11615.9 210711 325.614
18620.1 6461.64 10489 9978.18 285298 327.235
18619.5 6466.74 10490 9879.48 226287 322.044
25967.4 17689.4 10512 11677.4 220293 329.419
25954.8 17681.8 10513 11304 234760 335.509
25964.4 17690.8 10514 9368.75 181218 331.639
25970.4 17682.5 10517 9819.73 197848 335.734
25972.8 17685 10518 9970.83 168734 345.166
25950.3 17685.2 10519 9550.66 154026 349.861
25967 17675.5 10520 9933.14 186928 343.565
25975.6 17686.1 10521 9122.55 146577 320.779
17315.4 15302.3 10551 13453.8 390357 336.026
17325.8 15308.4 10552 16279.4 784230 351.851
17323.2 15307.4 10553 21885 839622 373.609
17319.3 15305.2 10554 27477.4 1.36136e+006 366.224
17319.6 15305 10555 25322.4 1.27755e+006 360.764
17321.3 15306.6 10556 17517.9 962515 349.935
16548.7 16361.1 10614 8867.4 267555 376.622
16546.5 16373.3 10615 8437.09 220757 364.228
16546.3 16374.9 10616 9512.41 193276 370.727
16554.3 16365.7 10617 8412.01 224009 370.961
29585.2 28762.1 10620 12865.5 404683 336.395
16544.7 16371.1 10620 9220.44 210357 362.673
29588.7 28765.8 10621 19637.4 829987 337.047
16571.3 16379.2 10621 14449.6 412519 407.987
29589 28768.2 10622 18518.8 993250 328.761
16554.7 16375.9 10622 13178.7 333108 397.858
29598.8 28772 10623 18607.2 783590 334.946
16552.6 16382.2 10624 10219.8 249411 378.349
17319.8 15319.6 10626 11432.7 401693 363.108
17333.4 15313 10627 18006.3 629486 361.171
17322.8 15310.3 10628 19859.2 907535 354.149
22202 13152.2 10668 17758.8 519164 380.29
22219.2 13159.7 10669 14421.8 303411 370.201
23480.7 964.779 10709 10083.6 550377 395.564
23452.5 976.097 10710 10705.5 759349 408.122
23474.8 972.003 10711 11297.8 805452 406.835
23468.6 981.67 10712 11081.6 781313 406.731
23457.4 970.661 10713 9471.2 480996 386.758
23467.9 967.035 10714 8256.34 571119 386.967
23478.2 980.342 10715 8361.93 649352 396.755
23467 960.291 10716 10076.3 628974 400.489
23466.5 965.551 10717 10735 834962 406.691
11867.7 8858.34 10753 8092.51 183037 327.913
21638.7 15332.9 10781 8103.11 294573 376.387
13769.1 16212.6 10804 8085.02 271999 389.479
13761.4 16207.7 10805 8490.86 302802 411.713
26579.9 3143.6 10805 8234.37 184219 322.259
26597.3 3142.51 10806 10161.5 256721 327.05
22215.6 13159 10940 13309.5 324619 363.836
22216.3 13143.2 10941 20215.1 723857 372.078
22218 13153.6 10942 17288.3 653943 362.354
22211.2 13150.7 10943 13625.9 476368 348.621
22205.4 13150 10944 8635.66 242837 356.288
22218.6 13154.7 10945 16698.9 639453 362.964
22203.8 13152.4 10946 20330.7 607787 386.633
22222.9 13157.3 10947 10786.5 344596 350.268
22217.1 13158 10948 17024.7 455225 365.95
22218.4 13157 10949 19735.7 406159 372.185
22216.3 13141.5 10950 17198.8 503139 379.971
22208.9 13150.1 10951 19740.1 749496 372.725
22203.7 13161.6 10952 14393 404917 368.598
22225.5 13158.6 10953 14883.3 446920 370.859
22217 13159.1 10954 17593.4 443215 374.211
22202.3 13150.7 10955 25148.4 1.14381e+006 368.193
22215.5 13164 10956 16725.6 587182 364.606
22215.3 13149.4 10957 19064.7 543289 365.473
22233.5 13163.4 10958 8175.77 288654 352.738
15706 9758.79 10960 9510.23 265721 384.113
22221.6 13153.6 10960 8219.65 201312 342.665
22220.6 13152.8 10964 8299.84 194057 333.652
19020.3 4875.65 11022 8600.76 365252 406.809
15314.9 6123.8 11074 10015.1 649823 398.009
15333.8 6125.28 11075 8402.71 463615 387.131
15499.5 4716.22 11076 9595.31 228446 319.448
16140.9 17127.1 11121 11886.8 318230 341.354
15259.5 6645.93 11179 9078.1 176618 378.217
24166 4793.82 11198 11016.9 152257 320.925
24166.3 4795.69 11199 10496.4 174702 324.519
12624.9 12261.2 11265 12688.2 271874 325.815
12620.5 12276 11266 10708.8 183999 327.011
12613.3 12266.7 11267 11603.3 215897 334.675
12621 12278.5 11268 9105.35 157445 338.63
12630 12274.2 11269 10114.9 275149 329.153
28208.8 14887 11293 9449.77 198851 325.316
28877.7 27459.1 11312 8047.65 168941 331.284
28886.6 27455.1 11313 11244 197310 325.189
28877.1 27450.2 11314 12326.4 258583 328.085
26432.5 1789.37 11351 10807.4 198741 349.379
26439.2 1772.94 11352 8443.5 204305 332.966
25410.8 12070.1 11374 8079.91 158894 326.014
15258.4 3817.68 11463 10547.6 274578 328.609
15270.4 3840.01 11464 12639.9 376518 332.778
16832.9 17671.2 11512 13811.5 401445 343.537
16827.6 17669.5 11513 14188.2 294482 343.329
16837.6 17666.3 11514 11477 246516 333.473
16833.9 17665.2 11515 14606.2 389471 342.492
16843.9 17677.4 11516 13361.2 328678 323.794
16839.8 17684.9 11517 11317.3 215725 342.194
16836.9 17677.6 11518 12788 328696 350.048
16833.6 17674.7 11519 13951.7 376132 330.744
16826.1 17681.1 11520 10029.4 290392 328.721
20763.3 16951.9 11570 12812.9 284933 328.697
20778.4 16945.3 11571 9198.61 189458 330.307
20784.7 16959 11572 9572.33 228903 337.367
13727.5 6624.74 11574 14689.4 247730 328.009
13722.8 6631.18 11575 14204.3 238194 321.917
13713.6 6638.66 11576 13171.2 257269 320.557
13723.6 6636.69 11577 13738.8 253985 332.334
13721.1 6633.63 11578 13500.4 219934 329.272
13714.5 6630.17 11579 14366 317686 324.74
26505.3 2252.81 11634 9375.11 327397 341.89
26498.7 2264.6 11635 9767.61 386680 347.983
26489 2244.87 11636 8505.9 289210 361.221
26501.8 2244.47 11637 9882.89 279001 354.409
26509.9 2250.18 11638 10064.1 283055 355.43
26501.4 2248.12 11639 9049.87 326931 359.787
26500.4 2258.67 11640 9348.07 366221 362.302
26510.1 2247.05 11641 9288.9 443151 355.59
26494 2236.39 11642 9947.93 304392 361.133
26497.2 2244.66 11643 9564.02 276597 346.474
26508.1 2254.63 11644 9250.91 253804 353.717
26521.2 2234.86 11646 8944.24 313115 361.565
26514.9 2242.87 11647 9361.01 299017 345.779
26505.7 2227.39 11648 9518.61 213004 351.903
26510.1 2242.03 11651 8104.66 255357 347.383
26517.3 2238.48 11652 8270.88 261130 355.569
26520.3 2236.28 11653 8421.74 226445 344.123
26505.3 2236.16 11655 8674.46 248895 346.883
26524.1 2246.03 11656 8263.58 269238 342.643
26515.9 2239.05 11657 8761.26 308272 349.71
26503.7 2251.6 11658 8193.66 236624 346.996
12344.8 10940.2 11668 8589.29 222101 327.851
12340.4 10943.5 11669 8454.42 202593 329.816
12342.1 10952.6 11670 8597.59 266756 334.028
12353.4 10964.7 11671 8305.45 163826 329.891
25945 10888.5 11683 8647.46 287024 322.758
25931 10885.1 11684 21845.6 1.07109e+006 320.049
25931 10888.3 11685 11028.8 308791 327.716
25931.7 10887.3 11686 10134 309248 329.342
25939.2 10886.7 11690 9735.03 197292 313.987
25931.8 10884.2 11691 13924.4 436551 330.702
25942.3 10894.9 11692 12128.5 344494 322.648
25927.1 10880.3 11693 11809.7 336360 349.006
25926.5 10885.6 11696 12897.5 304603 328.608
25917.3 10881.6 11697 17895.9 306437 363.259
18958.9 9468.15 11846 8382.82 185409 314.318
18952.3 9460.68 11847 10708.7 261596 324.292
13716.1 6632.17 11905 19133.2 404840 329.867
13724.1 6632.41 11906 20664.6 419778 321.9
13721.2 6628.23 11907 19789.4 587724 328.45
13717.9 6626.94 11908 16520.4 263842 323.039
13718.4 6631.74 11909 14912.9 293170 318.493
17370.4 11370.5 11973 8449.77 205056 337.861
16787.9 17534 11980 8440.51 200695 351.697
26795.7 3114.58 12001 13799.4 319019 365.821
26797.4 3110 12002 16526.2 457649 369.761
18977.3 2420.45 12010 9866.9 278450 335.717
18979.8 2440.25 12012 10003.9 247696 334.049
18961.4 2429.86 12013 13513.7 233765 339.912
16783.7 17523.1 12016 8222.34 174743 325.745
14377.5 12540.3 12018 8428.45 268258 371.216
32216 27706 12073 14276.8 318505 362.741
20584.6 212.111 12104 8202.03 231379 368.308
14222.7 9907.16 12293 9347.5 186153 329.987
11846.3 8869.47 12313 8372.17 193128 327.553
26986.9 6297.08 12314 9016.26 257612 368.822
11861.1 8869.52 12315 8398.99 179556 318.394
15328.6 6136.24 12384 11014.7 661999 396.911
15339.1 6132.36 12385 11394.1 456442 387.697
15274.2 3834.01 12389 9202.2 308960 320.526
15258.2 3837.38 12394 11198.9 303957 326.33
15260.1 3833.16 12395 14259.1 384089 326.267
15268.3 3842.25 12396 11990.4 275291 330.693
15265.2 3826.88 12397 16841.7 376155 339.824
15272.1 3829.27 12398 18176.7 496797 326.904
15264.6 3834.85 12399 17055.4 408515 342.78
15269.1 3827.37 12400 17111.8 585530 336.523
15271.6 3824.9 12401 12566.2 304614 312.712
15257.2 3840.66 12402 19469.6 432980 334.035
15268.3 3825.77 12403 11415.4 285130 337.384
15265.9 3836.76 12404 10024.6 275684 319.133
16826.2 17691 12411 8181.02 207443 326.544
21666.9 15344.2 12508 8780.06 352246 372.852
19338.5 1929.41 12537 9504.21 201101 316.118
19329.2 1922.74 12538 12944.4 277210 329.458
19324.9 1941.85 12539 11900.7 166130 333.69
19339.5 1946.63 12540 9352.84 170770 329.316
19325.7 1937.47 12541 11731.4 269659 316.314
19327.7 1937.5 12542 12211.5 238039 333.256
19147.5 4824.03 12669 11888.6 245428 327.195
19151.4 4828.88 12670 13348 313557 325.345
18615.2 12372.4 12726 11713.7 299329 335.446
25146.8 8572.57 12771 8431.38 172095 329.734
16865.4 11321.6 12866 9953.67 183025 327.448
16860.5 11329.1 12867 12941.5 369890 320.892
16874.5 11325.2 12868 11785.2 241598 330.643
16861.9 11336.1 12869 9225.44 304288 325.628
16869.5 11329.1 12872 8606.82 170963 328.423
16878.6 11335.3 12873 10743.4 261080 330.038
16864.4 11328.8 12874 11697.2 294934 331.949
16856.4 11328.7 12875 12272 349985 330.983
16861.4 11332.1 12876 10486.2 244637 336.255
16869.3 11314.3 12878 8655.84 169610 339.042
16847.8 11314.2 12879 8584.4 209453 336.017
14007.1 14755.9 12879 8666.91 133846 326.007
14014.8 14751.2 12880 17570.7 210661 336.999
16860.2 11318.3 12880 9494.21 204636 330.482
14023.2 14750.6 12881 18639.6 292696 353.607
16872.5 11329.7 12881 9694.35 277988 332.856
14017.1 14757.9 12882 10341.5 176786 336.785
16871.1 11321.8 12883 11979.4 306116 321.826
14009.3 14752.7 12883 9723.47 161059 336.382
16863.4 11326.2 12884 11080.5 396215 320.553
16868.6 11328 12885 9560.89 230748 324.758
16865.8 11327.4 12886 8893.4 242125 327.915
14011.3 14751.2 12886 8008.08 218200 342.094
16874.5 11335.9 12888 8003.39 227343 327.9
16868.4 11327.5 12889 10806.9 159721 336.718
16865 11329.2 12890 9335.67 236926 320.531
16856.6 11321.4 12891 9322.45 260473 332.521
16865.2 11326.5 12892 8345.1 228643 327.116
16865.5 11322.8 12893 10465.2 210888 336.022
16860 11315.8 12894 9043.3 247300 346.023
16858.5 11342.3 12895 10347.6 302261 339.364
16862.6 11329.9 12896 11626.9 320112 329.329
16853.7 11324.8 12899 11183.6 226305 326.136
16865.9 11327.9 12900 10087.4 183242 324.308
16863.2 11322.1 12901 9919.65 152687 331.458
16869.6 11316.6 12902 8695.76 186732 330.121
16869.1 11332.3 12904 9224.83 184685 327.281
17553.6 1225.71 12928 8323.02 137991 309.01
16870.4 11325 13019 10260.7 152209 332.374
16866.8 11320 13020 10290.5 232274 337.362
16868.7 11338.5 13021 11810.6 231012 335.94
16867 11322.8 13022 12331.3 250520 333.983
16870.7 11331.4 13023 10532 344650 321.23
16862.5 11325.2 13025 9961.46 236208 328.25
16861.5 11333.4 13027 8453.69 214343 331.244
16863.3 11323.8 13030 10224.8 244052 329.902
16863.3 11317.9 13031 8284.14 156374 326.869
16863.2 11318.4 13032 10622.7 276696 343.653
16858.1 11330.8 13033 12508 268466 329.951
16858.3 11319.9 13034 10733.7 243379 327.568
16860.6 11331.1 13035 10964.7 222844 333.528
16860 11325.7 13036 10318.9 312359 324.412
16863.1 11317.3 13037 11866.3 290648 337.304
21781 5150.16 13118 13710.2 351386 329.807
21777.1 5148.84 13119 11498.7 217417 333.097
21775.7 5147.39 13120 10806 252885 329.704
23084.9 13077.6 13233 10970 156302 348.563
23079.6 13074.5 13234 12494.3 284974 354.84
23089.6 13089.5 13235 9513.74 206022 340.562
15505.5 11078.4 13315 14517.7 227750 346.488
26295.6 3728.24 13321 8072.13 135699 310.922
26292.1 3725.13 13322 11438.8 269694 333.675
26305 3704.49 13323 11707.4 248153 330.015
15497.5 11085.5 13357 14107.2 276622 349.518
15517.9 11071.4 13358 13182.4 200811 345.598
15511 11078 13359 8830.74 195335 337.343
29954.3 27562.5 13424 13355.2 283479 328.835
29954.6 27557.9 13425 15662.5 429771 335.076
29938.4 27554 13426 12311.9 215006 321.922
29945.3 27560.5 13428 8291.63 181423 305.622
29950.8 27559.2 13429 10872.2 212811 324.244
29953.7 27560.5 13430 18634.5 453895 322.162
29956.1 27561.7 13431 18592.8 412019 328.216
29949.2 27552.1 13432 15351.2 371270 323.738
29949.8 27543.4 13433 13229 274679 314.682
29948.2 27551 13434 19046.1 884543 327.052
29959.4 27562.8 13435 16299.3 291206 334.548
29952.5 27556.3 13436 17284.7 334048 322.724
29952 27557.4 13437 16319.9 464743 328.34
29936.2 27558.3 13438 16757.7 371257 335.388
29949.6 27556.2 13439 13365.7 180541 322.298
29940.9 27551 13440 17122.2 459498 323.04
29943.8 27553.1 13441 10937.3 220218 321.822
29957.6 27564.4 13442 18452.1 462114 332.633
29951.4 27556.9 13443 17302.9 376121 334.917
17529.7 16258.6 13485 10401.6 170796 356.996
13569.5 12536 13487 9904.04 247118 344.338
13567.5 12538.7 13489 10876.5 282085 346.285
19310.9 4106.51 13529 10288.9 194978 311.549
19304.3 4119.14 13530 10718.4 302010 307.162
25232.9 10146.2 13577 10613.8 173190 320.827
25239.7 10139.4 13578 11948.8 275696 324.874
25239.1 10148.4 13579 12711.2 314209 325.771
25236.3 10151.1 13580 10696.8 295333 330.505
25242.3 10135 13581 11631 252460 326.605
19314 4124.15 13694 9459.35 267351 307.177
19311.1 4121.79 13697 8890.02 252987 313.331
19328.4 4123.05 13699 9861.97 164170 316.369
19300.3 4105.91 13701 8352.94 194032 318.68
13410.6 10902.8 13767 11651.2 345813 387.414
13404.6 10896.8 13768 10780.7 427038 372.353
32241.8 27713.5 13771 12334.9 167111 370.251
32240.4 27716.9 13772 12829.2 227272 355.825
32237.1 27706.8 13773 11596.7 279656 356.062
32230.3 27720.6 13774 12687 344211 363.124
32235.8 27716 13775 11258.7 241240 345.626
32234.5 27727.1 13776 12363.2 242692 346.288
32248.1 27721.3 13777 12797.2 303349 348.482
20943.4 6203.62 13785 8694.5 265528 377.796
17410.8 1254.37 13815 11411.7 292675 315.901
17415.6 1248.12 13816 9891.49 199485 313.858
17427.7 1244.57 13817 10678.7 198151 307.934
17429.8 1265.73 13818 10707.3 356475 311.103
17424.8 1263.31 13819 10830 259001 309.273
17424.9 1254.91 13820 11097 279337 309.087
17428.9 1255.48 13821 11124.2 268882 322.228
17418.8 1245.89 13822 8569.47 136708 313.868
20521.5 1380.84 13823 8496.46 205387 317.189
20502.5 1381.08 13831 8011.34 182752 319.7
22966.7 8300.51 13850 15203.1 396502 322.937
22964.7 8295.85 13851 9661.51 240611 320.109
22975.7 8300.91 13852 15257.9 351903 316.03
22975.6 8308.44 13853 14390.5 285407 316.828
22970.5 8299.84 13854 11663.4 287372 327.624
22975.8 8306.16 13855 13745.5 291010 321.26
22970.4 8310.04 13856 20309.7 571631 323.437
22982.5 8295.32 13857 15649.1 427766 318.878
22979.4 8307.61 13858 17485 417634 328.874
22980.5 8295.09 13859 14964.7 371996 332.291
22978.1 8311.44 13860 21254.5 514443 327.263
22979.5 8296.73 13861 19753.5 363231 323.683
21278.5 11676.2 13896 10582.7 252068 335.841
21276.3 11677.7 13897 17062.9 518464 326.981
21282.6 11692.3 13898 10145.5 276331 337.732
21289.8 11683.9 13902 11328.5 233561 320.255
21282.7 11681.4 13906 8186.09 247091 330.655
25718.2 11100.9 13950 16361.7 335687 332.665
25714.3 11099.6 13951 14728.9 285998 330.741
25716.5 11100.2 13952 9150.01 161128 327.515
25709.9 11108.4 13953 16824.9 388933 333.186
25705.9 11097.5 13954 11026.1 247595 336.363
25716 11109.5 13955 15853.2 315183 328.243
25713.4 11104.7 13956 14220.5 350543 332.586
25715.4 11099.9 13958 10462.9 153318 329.579
25714.7 11103 13959 15844.3 344713 340
25715.9 11097 13960 14329.7 261066 339.318
20118.2 17157.6 13971 8281.09 156817 333.819
21292.8 11690.2 13999 8072.8 249871 330.326
28881.2 27453.6 14109 10682.6 270673 325.458
28872.4 27450.9 14110 12296 229146 336.156
28876.1 27450.3 14111 12493.7 233873 316.838
25231.2 10137.9 14112 11752.4 269321 332.402
25251 10140.7 14113 12676 399645 318.095
14749 9530.75 14143 9018.06 407230 347.272
18565.5 15567.9 14167 10708.5 180902 343.969
13348.1 12879.6 14213 8055.56 318236 333.155
13346.9 12904.6 14216 9240.52 341815 340.529
12350 10936.9 14336 8972.58 263550 332.527
12351.5 10939.6 14337 9005.43 257185 321.43
12347.3 10955.6 14338 8185.55 165536 332.807
12340.8 10942.9 14339 8316.36 201527 326.749
25956.7 17699.2 14341 8899.19 177881 344.174
25974.2 17682.4 14342 9512.8 218517 337.945
25948.1 17701.2 14344 8985.88 187429 328.454
25947.8 17673.2 14346 8185.85 135937 332.759
25954.4 17682.9 14347 9794.29 156653 341.301
14014.2 12046 14383 8436.79 234740 337.645
14017.5 12053.3 14384 11295.2 327580 326.613
14022.4 12052.7 14385 11499.9 332500 330.492
14023.8 12038 14386 12235.8 384561 335.579
14010.1 12057.2 14387 11234.4 465048 332.22
14024.4 12044.6 14388 14278.8 562040 346.375
14017.2 12050.1 14389 12436 237971 340.118
14021.5 12065.2 14390 11063.4 265091 330.999
14018.7 12051.4 14391 10656.6 242509 328.974
15272.6 3829.27 14433 12390.6 478550 317.182
15263.7 3835.16 14434 17727.8 450787 327.132
15263.5 3834.97 14435 13870.4 420880 331.034
15258.4 3827.19 14436 11143.2 200785 313.847
15262.3 3830.78 14437 18035.3 584809 329.228
15265.7 3829.72 14438 16297 289700 335.196
23486.3 4800.35 14485 8455.67 134969 318.938
21642.6 16078.3 14528 8359.93 252075 346.559
21627.6 16075.2 14529 9148.95 286419 341.115
21636.6 16067.5 14530 8591.95 290611 331.369
25544.5 10900.1 14633 8242.72 165440 323.262
16864.5 11326.6 14708 11360.7 282513 329.376
32284.5 31519 14716 11782.3 218144 332.786
32302.3 31521.6 14717 10315.4 185615 314.924
15503.3 8653.75 14735 8230.92 227730 336.612
15513.4 8634.17 14736 8010.69 166977 334.219
15514.1 11055.9 14742 9074.13 185079 335.968
15523.5 11068.9 14743 9155.13 234712 342.56
19005 10908.5 14745 8137.3 336219 331.633
16876.6 11325.6 14762 10683.3 286987 330.373
16568.7 16379.8 14833 8488.98 309022 381.373
20827.1 13343.3 14858 8957.39 358260 352.795
21654.5 15342.1 14883 8162.06 236243 370.028
21652.6 15329.6 14884 8002.91 384447 363.816
21640.7 15350.7 14885 8681.16 415631 370.977
18763.2 3755.7 14937 8015.9 155278 330.855
18752.4 3763.85 14939 8395.68 131737 330.734
4511.64 17594.2 14970 12600.3 404220 339.268
4505.79 17592.7 14973 9554.49 331242 326.388
4500.76 17582.1 14976 12205.2 386318 333.177
4482.56 17575.5 14978 11814.1 392037 331.585
25715 11113.5 15096 10034.2 150221 332.406
25726.1 11107.7 15097 9301.92 208590 323.583
25712.1 11114.7 15098 12134.5 259162 347.288
25708.7 11099.3 15100 9326.23 157695 335.578
25703.5 11112.5 15101 9824.46 178219 341.856
25723 11097.5 15103 12192.1 311713 334.086
25707.5 11100.6 15104 11991.2 182379 342.08
25714.2 11113.5 15106 10230 250660 335.02
25697.8 11107.5 15107 8153.91 211309 325.99
25701.1 11110.9 15108 9590.8 204815 329.429
25720.6 11119 15110 10808.8 172457 323.78
25709.4 11113.2 15112 8093.23 175756 335.219
25707.4 11099.1 15113 11445.8 256518 328.581
25714 11117.4 15114 13704.6 172743 323.814
25726.9 11107.7 15115 9650.04 181408 325.773
25698.2 11120.8 15116 9690.51 194009 325.103
28216.6 14875.9 15117 9975.01 259146 334.249
25708.6 11099.6 15117 9293.85 189441 339.094
25711.2 11119 15119 11837.6 158478 344.605
25713.9 11107.1 15120 9505.64 166933 338.46
25712.5 11101.4 15121 10231.6 170569 340.937
26075.9 4202.48 15197 8658.61 275350 381.004
15870.6 6075.38 15240 8175.22 170225 332.126
25540.9 10903.5 15329 14296.2 438178 331.532
25546.4 10908.8 15330 15646.9 513328 336.705
25541.3 10892 15331 12732.9 578044 327.047
25533 10902.4 15332 13631.9 302896 329.456
17750.9 13749.4 15420 9320.84 166852 353.992
17765.8 13736.8 15421 9996.92 177482 336.621
14823.7 2635.69 15427 10011.8 396643 312.498
14832.8 2630.69 15429 14247.5 539912 332.275
14812.6 2627.26 15431 8982.95 327017 320.957
14818 12035.1 15444 8809 161813 326.928
14814 12054.1 15445 8201.7 159863 335.649
4506.03 17584 15508 12820.7 373017 330.613
4488.55 17590.8 15509 13025.1 424543 326.365
4493.91 17593.6 15511 8595.42 308967 319.233
28215.6 14871.8 15587 9150.53 271347 327.765
29582.9 28772.7 15593 11119.1 544670 314.781
29583.3 28768 15594 20788.5 824274 339.478
29581.4 28769.9 15595 24158.6 974385 330.385
29583 28770.4 15596 18731.3 479831 332.622
29592.1 28768.5 15597 19963.3 642340 332.866
29577.9 28757 15598 23681.9 963978 333.787
29578 28775 15599 18081.5 574373 324.13
29577.7 28761.4 15600 14493.8 507093 326.748
28214.7 14874.5 15604 8515.66 249912 315.117
28209.3 14881.6 15606 9861.59 338632 324.397
28216.1 14886.5 15628 9158.4 246859 316.976
12708.8 4592.69 15632 8008.34 238866 310.313
12734.2 4610.17 15635 8141.05 209069 310.851
28216.8 14880.7 15645 8349.35 217988 314.909
28222.5 14876.5 15646 12583.7 348641 317.613
28214.8 14878.3 15654 11501.8 355272 316.153
28207.8 14879.6 15655 10140.3 216719 320.368
16187.4 6096.13 15656 8480.22 278028 336.852
16193.1 6092.25 15658 8452.66 207907 349.634
16838.2 17675.4 15677 13194 257182 334.517
16833.1 17662.3 15678 12329.6 253132 330.715
32298.8 31513 15717 11042.3 285226 323.48
32283.5 31521.2 15718 13912.7 430319 329.131
32287.1 31520.2 15719 13210.1 379493 342.979
32287.1 31516.1 15720 14291.4 375279 328.923
32290.2 31520.2 15721 14750.6 404686 331.719
32291.3 31512.4 15722 8301.5 197018 318.086
14828.7 12034.9 15740 8456.7 207273 342.919
26491.4 2693.09 15769 12116.8 1.08053e+006 422.933
26480.7 2687.06 15770 8869.88 227274 355.468
26480.3 2695.97 15771 9552.74 258575 317.893
26500.6 2688.6 15773 8258.49 155096 317.711
12727.8 5786.51 15778 8688.62 209167 336.278
16167.8 9621.77 15840 9086.57 703578 455.842
26410.2 10391.8 15855 8884.77 158316 342.415
26417.4 10391.3 15856 10498.9 270134 332.861
22563.8 5519 15893 8542.66 193809 319.524
22570.1 5507.53 15895 9264.09 264601 319.302
13067.7 15240.6 15959 10450.6 224176 339.393
28223 14878.7 15984 8273.2 179431 325.133
28212.7 14886.3 16093 10905 297259 315.56
25461.4 543.784 16112 9693.92 179514 319.531
25457.2 549.399 16113 9394.57 194228 320.51
18959.1 9467.23 16122 8904.59 219497 353.621
18969.6 9466.89 16123 8138.29 205076 324.057
24886.3 4014.13 16146 8043.27 476815 419.235
14706 6070.41 16183 10595.9 315767 322.088
14702.4 6075.45 16185 9746.52 274393 318.033
14712.5 6059.42 16186 8241.53 190848 326.851
15506.3 11084 16218 9400.03 171862 338.365
